action_after_sigmoid:[2.42546304e-01 8.19946600e-02 3.61196109e-02 9.88630282e-01
 2.42125209e-02 7.77825837e-01 9.97765562e-01 8.15284342e-03
 2.20759721e-02 9.99669047e-01 1.02558064e-01 9.95967348e-01
 9.36679244e-01 8.41109731e-04 9.66670841e-01 5.60397313e-02
 8.95566462e-01 6.73515451e-01 9.60766419e-01 1.92598084e-01
 1.63751073e-02 1.84611896e-02 9.34121182e-01 8.18245184e-01
 9.78997120e-01 7.62754440e-01 8.24684565e-01 4.35996320e-01
 9.90586668e-01 7.69736305e-01 9.61604310e-01 1.88866901e-01
 5.31601002e-01 5.35819899e-01 4.36077778e-01 9.68143169e-01
 5.44563120e-02 7.38334459e-01 5.09618566e-01 2.17332838e-02
 5.39100511e-01 9.99872851e-01 4.44636510e-01 9.58404286e-01
 9.83807188e-01 5.18154972e-01 5.83811180e-01 2.72554722e-01
 8.59536151e-03 9.06505863e-02 9.60570992e-01 9.96095514e-01
 6.34253529e-01 9.99848234e-01 1.57145833e-02 9.52642436e-01
 9.68711210e-01 1.51154718e-02 6.36066320e-01 1.34269296e-01
 1.15155477e-03 8.42690967e-01 2.51545794e-01 6.51732700e-02
 9.60905893e-01 3.76561728e-01 7.11974034e-01 3.94699627e-01
 9.67091869e-01 1.59295015e-01 2.95316808e-01 4.25542332e-03
 5.19904104e-01 5.21820279e-01 4.25028213e-01 9.99905635e-01
 2.98481597e-01 8.79713335e-01 3.80550990e-01 9.40796296e-01
 1.84365222e-01 9.52488577e-01 5.90865781e-02 9.99941321e-01
 2.22166083e-05 9.82582799e-01 9.99819976e-01 1.05912908e-02
 8.50223941e-02 1.11086145e-01 7.12370126e-03 7.96352945e-02
 9.99360687e-01 8.16467267e-01 7.98123955e-01 3.58733054e-02
 2.55755187e-01 6.60295165e-01 7.80129645e-03 9.98879765e-01
 1.08190669e-02 4.24195301e-01 3.61661338e-03 2.56499567e-01
 1.81299630e-02 8.61825431e-01 7.59779597e-02 9.77333014e-01
 4.92585438e-03 1.25436491e-01 8.90237656e-01 1.12884462e-02
 3.00101880e-01 2.44616837e-01 9.93403529e-01 9.33594022e-04
 5.04921727e-01 1.22914553e-01 9.42617200e-01 6.49278467e-01
 2.80539201e-01 9.92194466e-01 9.27128228e-01 9.87806086e-01
 1.54244511e-03 1.02227579e-02 7.09797113e-01 2.51217592e-02
 9.99670181e-01 5.08595107e-01 9.98429506e-01 9.84725889e-01
 2.80572455e-01 8.42277520e-01 6.80715675e-01 1.63825051e-02
 4.66622884e-02 8.12778799e-01 4.05009177e-01 3.45709906e-01
 8.08273994e-01 5.73924703e-01 9.83427834e-01 4.99951062e-03
 3.65139647e-04 1.45108534e-03 9.93849883e-01 2.17649538e-01
 9.96373634e-01 8.49813666e-01 9.95907317e-01 1.86488073e-01
 2.17840973e-01 9.15841921e-01 9.98910650e-01 1.38780808e-03
 6.23844321e-02 9.96629200e-01 2.95672588e-01 6.49615446e-01
 8.10491128e-01 9.75933045e-01 5.40980159e-02 9.88283339e-01
 9.75265881e-01 2.52154627e-01 8.50808588e-01 1.82867067e-02
 8.17051848e-01 9.98184947e-01 1.47400285e-01 3.20907724e-02
 1.52716522e-01 2.88180990e-01 3.60879944e-03 9.12064914e-01
 6.67358201e-01 4.94098018e-03 5.65272945e-02 6.14316754e-01
 8.41587311e-01 9.96635605e-01 6.42848087e-02 7.12258890e-02
 2.56229815e-01 9.29149530e-02 5.07176806e-01 1.49781711e-01
 7.37609675e-03 7.25037428e-01 2.39652685e-01 1.52067769e-01
 9.62867742e-01 1.57264418e-01 4.68788352e-01 2.47894208e-03
 4.80071935e-02 6.09085646e-01 9.43231652e-01 9.93331306e-01
 9.99262370e-01 8.30258143e-01 9.86510439e-01 1.54462384e-01
 4.53535234e-03 1.29948184e-01 1.33404919e-02 9.85962300e-01
 1.54570743e-01 2.33045696e-01 1.30639005e-01 6.54644290e-01
 9.95585310e-01 4.94939130e-01 3.56816735e-01 1.66038968e-02
 9.65577410e-01 1.19087773e-01 9.11557920e-01 1.52660060e-01
 9.69828272e-02 9.50178865e-01 8.36324416e-01 9.90118712e-01]action_after_sigmoid:[9.21942824e-01 4.50335584e-03 5.34330158e-03 9.86537938e-01
 5.45011745e-02 9.96862661e-01 9.99864537e-01 1.71525689e-03
 5.96610904e-02 9.99898888e-01 4.31799824e-01 9.99544764e-01
 9.76493564e-01 2.50152037e-02 6.56150302e-01 9.22458441e-03
 8.59789704e-01 1.31439628e-01 8.62385080e-01 1.39405560e-01
 4.47452068e-03 2.44383880e-03 9.82203355e-01 3.24901911e-01
 9.86560396e-01 9.90709950e-01 9.88051457e-01 1.12834035e-01
 9.35092463e-01 9.51018683e-01 9.74591782e-01 1.32323015e-01
 3.15513266e-01 9.24303916e-01 2.43661116e-01 8.37840917e-01
 2.30978376e-01 2.03585979e-01 6.16220694e-01 5.48341550e-03
 8.13788110e-01 9.99928297e-01 7.97866328e-01 9.32074585e-01
 9.97729838e-01 9.40493542e-02 7.06694302e-01 2.12441042e-01
 1.82930067e-02 2.06708305e-02 9.95750678e-01 9.77481209e-01
 2.87569019e-01 9.97216160e-01 3.46754992e-02 9.78272985e-01
 6.74272894e-01 2.48958108e-02 8.42934058e-01 4.28534268e-01
 2.71819333e-03 9.36853439e-01 5.77992219e-01 5.26668112e-01
 6.47265165e-01 9.75079644e-01 3.53624102e-01 4.46217672e-01
 9.95948090e-01 1.05957256e-01 7.18616760e-01 2.77177908e-02
 4.74915919e-01 8.76363219e-01 7.52124805e-02 9.99978766e-01
 7.15778240e-01 3.50891119e-01 5.25173179e-01 9.01851443e-01
 2.13132568e-01 8.04016533e-01 5.02159440e-02 9.99081361e-01
 1.62660839e-06 9.83480339e-01 9.99997342e-01 4.23611821e-02
 1.54190127e-02 2.24856220e-01 2.79485002e-04 1.95078623e-02
 9.91126783e-01 8.43129025e-01 1.08681561e-01 2.24182025e-02
 5.88029786e-01 8.40740759e-01 1.34407555e-03 9.98750284e-01
 1.73596975e-02 1.06207196e-01 1.74581679e-03 1.75024664e-01
 8.12839833e-03 8.38222619e-01 2.53029889e-02 9.39069335e-01
 2.72405374e-02 3.55324992e-01 9.79356498e-01 5.48801386e-04
 4.22133829e-01 6.08205465e-03 9.99802524e-01 1.21383909e-04
 9.63677299e-01 2.53701404e-01 3.75711013e-01 7.18998732e-01
 2.55090145e-02 9.96589658e-01 6.58049185e-01 9.72069906e-01
 4.39162769e-04 7.46219287e-03 9.53689156e-01 1.03570682e-01
 9.99954012e-01 7.56158583e-01 9.72309575e-01 9.93898602e-01
 3.56242297e-01 9.35829669e-01 9.24560872e-01 1.09108489e-01
 8.05310836e-01 6.07860873e-01 8.79284279e-01 3.27412162e-01
 9.99276136e-01 2.06861963e-01 8.50273921e-01 8.05822094e-02
 2.02185579e-05 1.35220288e-03 5.34160011e-01 1.47697651e-01
 9.97506488e-01 9.68179061e-01 9.98168778e-01 1.11524973e-02
 2.65215175e-01 9.85707899e-01 9.31194716e-01 3.12853886e-03
 7.59262897e-02 9.99454341e-01 5.78664327e-01 3.97220115e-01
 8.17785487e-01 9.41456783e-01 8.91870895e-02 9.75280991e-01
 9.83902595e-01 2.68629660e-02 6.87526308e-01 7.60594519e-04
 7.58700009e-01 9.99562754e-01 4.00715192e-03 1.06945281e-03
 9.59375475e-02 8.23087097e-01 1.77925354e-03 8.74008654e-01
 9.27247235e-01 2.01071652e-01 6.22491921e-02 2.17616756e-01
 4.83786428e-01 9.99395011e-01 1.51020841e-02 1.21003063e-01
 3.28324157e-01 3.37812413e-03 2.89759112e-01 2.55158773e-02
 2.46746364e-04 8.66757700e-01 2.25230689e-01 1.79612381e-01
 8.33313619e-01 2.07821005e-01 1.63188203e-01 2.68036602e-03
 1.45806733e-02 7.25283710e-01 9.92300550e-01 9.97470416e-01
 9.84149098e-01 8.17090247e-02 9.98128562e-01 8.06493872e-01
 4.91271711e-03 1.76648299e-01 9.92251547e-04 9.74763118e-01
 9.72058834e-02 6.99200907e-01 3.73793956e-02 5.28353465e-01
 9.98122789e-01 2.43867602e-01 7.61043936e-02 9.79403036e-03
 9.95455142e-01 1.66871972e-01 7.01005083e-01 3.36625413e-01
 1.36455610e-02 9.93482032e-01 9.94554440e-01 9.96383133e-01]action_after_sigmoid:[4.60007021e-01 1.89739415e-01 5.35701471e-01 9.17493628e-01
 9.94123390e-01 9.86729959e-01 2.55216794e-01 8.84699421e-01
 9.99287115e-01 9.99682765e-01 5.59312221e-03 4.73529700e-01
 7.58685359e-01 4.54412038e-01 9.98338178e-01 4.58131168e-01
 5.40107235e-01 4.28767389e-01 2.04994625e-01 8.79961584e-01
 9.84076701e-01 9.42651516e-01 9.55141740e-01 2.23585339e-01
 1.16049790e-01 8.88355317e-01 8.75913736e-01 7.93925904e-01
 1.34454733e-02 4.33345470e-01 3.94235384e-02 8.64150010e-01
 2.74126139e-01 8.67587781e-01 3.77450955e-04 8.47634207e-03
 1.51458023e-01 3.98353921e-03 9.66062576e-01 9.78533947e-01
 2.10137345e-01 9.98576943e-01 5.11641954e-01 2.93808412e-01
 5.31744008e-02 9.05196050e-01 3.53806585e-01 8.15406271e-01
 4.66127029e-01 5.32811468e-01 6.82545666e-02 9.70705511e-01
 1.25308989e-02 9.48126729e-01 3.29306724e-01 6.40275680e-01
 7.71941518e-01 7.36521036e-01 7.11793883e-01 7.32570530e-01
 1.61187548e-02 8.81647669e-05 9.95723471e-01 8.53000325e-01
 4.73444419e-01 9.93781640e-01 9.99910427e-01 9.59606551e-01
 1.41420990e-02 3.58330542e-02 4.38635255e-02 9.98653257e-01
 9.03627542e-01 2.35970038e-02 9.39981146e-01 9.63556785e-01
 6.51466510e-03 4.90210846e-02 9.01483125e-01 6.21619259e-01
 7.08271252e-01 9.97566285e-01 3.30413657e-01 8.64972492e-01
 1.78075479e-01 1.41456930e-04 4.66761843e-03 1.41453773e-02
 9.92120834e-01 7.97081790e-02 2.70855526e-01 9.99322463e-01
 8.31005406e-02 5.35389800e-03 7.77590048e-01 6.96903189e-01
 1.94385364e-02 8.19507285e-01 6.70529780e-01 9.99919360e-01
 6.06326946e-03 2.76955292e-02 8.93704079e-01 7.04596457e-01
 8.00044453e-01 9.99969173e-01 9.83510463e-01 2.27735312e-02
 7.10700619e-01 8.58697672e-01 4.70285999e-01 9.87412313e-01
 9.89408880e-05 9.74824154e-01 9.97476326e-01 9.94841156e-01
 9.99837577e-01 2.29159253e-02 5.72622824e-01 9.75711956e-01
 7.42378724e-04 8.90300812e-01 8.96930520e-01 1.53864512e-02
 9.95366963e-01 5.36926959e-01 4.30490882e-02 2.03015695e-03
 9.74454407e-01 5.10337218e-02 7.87387470e-01 9.48777179e-01
 7.14038477e-02 9.28215583e-01 9.39907658e-01 9.88682896e-01
 4.46634482e-01 9.50465448e-01 1.37203451e-01 1.07137858e-01
 5.39797016e-04 4.57338453e-02 9.58333469e-01 4.07599974e-01
 1.38524268e-01 9.52696444e-01 7.50497270e-01 6.32096932e-01
 1.89518926e-02 9.87432815e-01 9.99930051e-01 8.96004184e-01
 9.03995659e-01 3.70103847e-01 4.94664200e-01 6.83703389e-04
 9.87043043e-01 3.12616384e-02 8.59202582e-04 9.59515386e-01
 8.97000958e-02 7.62720544e-02 5.08688017e-01 2.67648841e-02
 5.73355749e-01 7.42718228e-01 8.81990430e-01 4.51395158e-01
 8.89781047e-02 2.02062195e-01 8.86774888e-01 9.98954221e-01
 3.67174124e-01 5.58379159e-01 1.60315170e-02 9.79684107e-01
 5.55497164e-02 1.91878606e-01 7.42390627e-01 9.76810491e-01
 8.12353082e-04 3.84165487e-01 8.18687361e-01 9.87396567e-01
 1.26415254e-02 2.35127413e-02 9.24669379e-01 9.92349529e-01
 8.65179395e-01 9.95681131e-01 5.36090789e-03 4.46833587e-01
 8.47875617e-02 9.97298720e-01 2.50376657e-01 2.82355048e-05
 8.24413747e-03 7.11255153e-01 9.72590990e-01 5.10712900e-01
 9.80859816e-01 3.11932479e-02 6.47755352e-01 9.89126542e-01
 9.68435253e-05 9.48536397e-01 6.72833648e-01 8.84802780e-01
 1.13308389e-01 4.02583141e-01 9.27167130e-01 9.28513714e-01
 9.80595044e-01 6.14808977e-01 8.94984554e-01 1.43700926e-02
 7.18472807e-03 5.87872161e-01 6.20857747e-01 9.77697129e-01
 9.67481295e-01 2.55376224e-02 4.80386994e-01 6.10099661e-01]action_after_sigmoid:[8.28503430e-01 6.05655447e-02 4.28734312e-02 8.44958209e-01
 9.87141023e-01 9.97960112e-01 5.78423067e-01 8.38457366e-01
 9.62313752e-01 9.98407825e-01 3.29789416e-01 4.17627918e-01
 7.85406174e-01 4.09453692e-01 9.83046983e-01 9.33617218e-01
 4.97265623e-01 8.55224146e-01 8.29627020e-01 9.87063986e-01
 4.59783078e-01 8.74589281e-01 9.46915460e-01 9.98790204e-02
 3.57639747e-01 9.29788998e-01 7.24059188e-01 9.52953209e-01
 3.73469275e-03 5.93344512e-01 4.36038006e-02 9.35589830e-01
 9.01803772e-01 5.06251203e-01 2.35814541e-04 2.55338066e-02
 8.87561100e-01 7.68655339e-03 9.91115576e-01 6.06164670e-01
 5.69108321e-01 9.99320048e-01 9.53370254e-02 3.94750519e-01
 2.64194796e-01 9.90273871e-01 1.83010252e-01 9.55200186e-01
 1.02215164e-01 6.63265608e-01 1.37593364e-03 9.96324619e-01
 1.54513168e-03 9.62991683e-01 4.45968728e-01 5.39355988e-01
 9.23906554e-01 9.06221385e-01 2.12744501e-01 8.45337469e-01
 9.71719588e-03 1.19963759e-03 9.96608912e-01 7.86719804e-01
 2.85934053e-01 7.81188122e-01 9.99377637e-01 7.07758559e-01
 7.51414796e-04 4.84717150e-04 1.15411725e-01 9.95479083e-01
 9.44617288e-01 2.60181225e-01 9.75613014e-01 9.33870022e-01
 3.93804501e-04 6.26466069e-03 8.58017993e-01 4.69023700e-01
 9.60288868e-01 9.99605571e-01 6.67135741e-01 9.66836897e-01
 7.49132098e-01 4.17183427e-05 3.46384837e-04 1.69400683e-02
 9.83054818e-01 4.05218136e-02 2.25126807e-01 9.80906638e-01
 5.06990391e-01 2.31812576e-02 8.76693317e-01 1.60800136e-01
 1.24760860e-02 1.25548156e-01 7.84891760e-01 9.99274092e-01
 4.29990273e-03 1.56798240e-02 5.64623503e-01 1.18659417e-01
 9.41160974e-01 9.99988548e-01 5.38656148e-01 1.27428655e-01
 9.86132356e-01 9.97245894e-01 7.58344004e-01 9.62473852e-01
 4.32820801e-05 9.93457296e-01 9.99496355e-01 9.90423805e-01
 9.99678483e-01 5.28060580e-01 3.92634821e-01 5.17254359e-01
 5.50849380e-06 9.65074997e-01 8.70332908e-01 1.02418643e-01
 9.98761492e-01 9.77154474e-01 1.35488773e-01 1.19631103e-02
 9.76227155e-01 5.00609439e-01 3.39896298e-01 7.42899538e-01
 8.31000335e-02 9.88706141e-01 9.54764764e-01 9.89098438e-01
 9.33245685e-02 9.98033321e-01 1.76231083e-01 1.66932236e-03
 2.64298067e-04 2.57413411e-02 9.80500396e-01 1.16586357e-01
 9.52705875e-02 9.65590355e-01 7.43399545e-01 8.03776479e-01
 1.30894752e-01 9.96422037e-01 9.99749316e-01 9.98951072e-01
 1.25523823e-01 1.21099997e-02 2.27897786e-01 1.03823514e-04
 9.97412892e-01 1.74509209e-02 6.80866795e-04 9.94809337e-01
 1.62310251e-01 6.03919635e-01 3.89056325e-01 4.61269276e-01
 8.67763777e-01 9.78077134e-01 7.73777397e-01 5.89711870e-01
 7.03328545e-02 3.01119561e-01 8.15170904e-01 9.98050265e-01
 2.53894922e-01 8.05072839e-01 1.16492506e-03 9.92203911e-01
 3.13316425e-01 8.04527508e-01 7.32269652e-01 8.44572145e-01
 1.01559917e-02 3.83623202e-01 8.70403686e-01 5.42675842e-01
 1.37417881e-03 1.89421121e-02 9.87054820e-01 8.80702595e-01
 7.23296297e-01 9.89669318e-01 3.03904883e-03 1.14646383e-01
 1.59140299e-02 9.99987635e-01 8.98455090e-01 5.16061045e-07
 1.39670119e-01 2.40361784e-01 6.41607372e-01 1.26299520e-01
 9.77629500e-01 1.04312073e-02 8.61482280e-01 9.88689324e-01
 1.33956048e-05 7.31776872e-01 3.03839693e-01 6.68739199e-01
 6.08493873e-01 3.91935919e-01 8.00419522e-01 9.42289988e-01
 6.35060346e-01 1.77790197e-01 8.15157686e-01 1.67171519e-01
 3.84164104e-02 9.58675819e-01 9.54208008e-01 9.98325686e-01
 9.70334460e-01 3.41864247e-02 6.72628879e-01 8.26052627e-01]action_after_sigmoid:[1.78062008e-03 9.11886265e-01 4.79630909e-02 9.54659282e-01
 5.44046829e-01 7.94721775e-04 3.55500708e-02 8.25628951e-01
 8.91248403e-01 1.56243863e-01 4.92009617e-01 1.70160009e-01
 7.99509064e-01 5.11447363e-01 6.74177546e-01 2.27293615e-03
 9.85696488e-01 1.25260621e-02 5.31674490e-03 7.19239818e-01
 7.33376731e-01 9.26613911e-01 9.99761874e-01 7.62032892e-01
 5.13887007e-01 5.03978880e-01 2.81476683e-04 8.36520750e-02
 2.56216207e-02 8.76071670e-01 7.60495543e-03 1.17151392e-02
 8.76756724e-01 8.22822740e-01 1.37074483e-01 9.99429795e-01
 9.92463912e-01 6.94114558e-01 9.36595866e-01 9.94103199e-01
 9.01951592e-01 2.30350734e-04 8.79675085e-01 1.80996237e-01
 8.85303241e-02 8.46783901e-04 9.80976727e-01 9.46342685e-01
 9.81762084e-01 9.37249412e-01 1.85562365e-01 9.92241681e-01
 1.84734424e-03 9.19011271e-01 8.20671567e-02 9.97563049e-01
 1.07324310e-01 2.06598293e-02 3.32073566e-03 1.06588755e-02
 8.29213751e-04 7.17632351e-01 1.12809035e-01 1.39457228e-03
 3.44913223e-02 9.87347185e-01 1.98201815e-01 9.90330862e-01
 3.55774135e-01 9.99542720e-01 6.10069113e-01 1.47712683e-01
 7.85406082e-01 6.95072909e-01 5.51435624e-01 8.77433037e-02
 2.87329391e-01 3.83332759e-01 5.00585033e-01 9.05100735e-03
 9.89701638e-01 1.17225164e-02 1.13699640e-01 7.40715889e-01
 4.19628738e-01 9.94811801e-01 3.15860120e-01 9.91937058e-01
 5.84591879e-03 5.89435527e-01 4.75280061e-01 7.18452430e-01
 5.40652487e-04 4.65838928e-01 4.73690426e-02 8.89044053e-01
 2.11478454e-01 5.76488294e-01 1.84347459e-01 2.16545332e-01
 3.86780659e-01 9.53054020e-01 5.21236162e-02 8.70548486e-02
 9.72837108e-01 9.95535169e-01 9.50834907e-01 1.17505680e-06
 5.28276232e-03 3.40643550e-01 9.73292634e-01 7.28235461e-01
 2.35802012e-01 9.96696499e-01 8.78822968e-01 8.92233797e-04
 2.32687094e-01 9.14400942e-01 8.67011818e-01 7.66890258e-01
 9.82935531e-01 2.80405833e-01 6.13752491e-03 3.71657787e-01
 9.42510471e-03 4.28130570e-01 6.25456609e-05 8.00952059e-01
 7.09547340e-01 1.15762911e-03 8.71796962e-01 2.16992881e-01
 1.25727180e-01 7.62477535e-01 2.48234505e-01 1.16136395e-02
 8.17238856e-01 9.77686321e-01 1.44784534e-01 3.51566014e-05
 1.08024411e-01 5.87273485e-01 3.74137661e-04 8.47452239e-01
 9.97068198e-01 1.60391593e-01 8.12590037e-03 3.72144711e-02
 3.69044984e-01 1.70043630e-01 9.94679091e-01 8.39489231e-01
 6.99899972e-02 5.35993786e-01 9.95485551e-01 9.75070047e-01
 6.20836699e-03 2.23874501e-01 3.34121470e-01 1.68531691e-02
 1.17135259e-02 5.99347733e-02 4.32803777e-01 1.30830476e-03
 8.41093651e-01 5.45847350e-01 5.20450281e-01 9.68807235e-01
 9.98730010e-01 5.28592261e-01 6.25504173e-01 9.93838531e-01
 1.23256178e-02 1.49757314e-01 9.99416199e-01 3.16600085e-01
 2.42072755e-02 1.22010102e-02 6.14090369e-01 8.33845851e-02
 2.27273954e-01 9.51714836e-01 3.61645443e-01 4.96571020e-01
 7.00731488e-01 7.83892073e-01 9.85156452e-01 9.75083652e-01
 3.15203781e-02 7.99825211e-01 1.12001241e-01 9.95476804e-01
 6.80211266e-01 2.63905623e-03 5.03429757e-01 8.77040374e-01
 3.70500006e-02 9.86187348e-01 7.13824453e-01 9.75238421e-01
 5.02855995e-01 9.88200126e-01 1.85365221e-03 3.34264893e-02
 9.98556907e-01 1.89174688e-01 7.24613034e-02 1.44479575e-04
 9.77675632e-01 1.61556350e-01 1.93123070e-01 9.99923555e-01
 3.43988156e-01 9.91323112e-01 1.32495632e-01 9.73458426e-01
 9.99563083e-01 2.76607476e-01 1.49237974e-01 4.96302789e-01
 1.75845099e-02 9.99807576e-01 2.59371885e-02 6.65627910e-03]action_after_sigmoid:[1.72215225e-02 8.40160791e-01 3.59566580e-03 7.47643491e-01
 1.57879173e-01 5.43507511e-05 7.52483254e-04 9.70810299e-01
 8.84275941e-01 2.39103903e-01 4.17653514e-01 3.12427392e-01
 8.41922757e-01 5.06076215e-01 3.94046311e-01 1.47090734e-03
 9.99725118e-01 8.47085723e-04 2.88521438e-02 3.12624623e-02
 4.85005439e-01 9.40123197e-01 9.99854793e-01 8.73394638e-01
 2.15779537e-02 1.37036747e-01 3.77144484e-05 1.96849835e-02
 8.32718985e-03 4.42902786e-01 7.22528458e-02 3.99193767e-02
 9.22901154e-01 5.83396939e-01 5.52653220e-01 9.47518998e-01
 9.90219238e-01 8.21414349e-01 6.95637536e-01 9.99897728e-01
 7.76696947e-01 1.25685795e-04 9.25734541e-01 7.66765956e-03
 1.68517520e-01 1.46093803e-01 9.87265212e-01 9.91182026e-01
 8.84243014e-01 4.71938382e-01 2.56659118e-02 9.96142107e-01
 9.11081739e-03 7.48037408e-01 1.52260565e-02 9.98614407e-01
 7.23666281e-01 3.36049348e-01 3.92039343e-04 6.90597068e-02
 3.94530087e-05 7.38865089e-01 8.27088681e-02 2.43529639e-04
 1.15716005e-03 9.88212069e-01 8.73033133e-02 9.85486596e-01
 5.78054751e-01 9.98425606e-01 7.11364007e-01 3.57183904e-02
 9.25596492e-01 7.07931923e-01 9.86854658e-01 1.17671166e-01
 3.91116079e-01 3.34567970e-01 2.32406769e-01 2.25243849e-01
 9.89610078e-01 1.35838547e-02 8.84989751e-03 2.72098503e-01
 7.80980045e-01 9.96654248e-01 8.29840250e-01 9.92590585e-01
 1.03085048e-02 6.29078124e-01 9.81177503e-01 9.32799368e-02
 5.71582945e-02 3.15756183e-01 2.40412600e-02 5.15614668e-01
 2.91753680e-01 9.23308296e-01 7.63955902e-02 1.06133215e-01
 7.49391058e-01 9.87025607e-01 7.62735135e-02 2.73747757e-01
 9.93641153e-01 9.99714559e-01 9.08800656e-01 1.59255803e-04
 1.03330084e-02 2.68990425e-02 9.03655491e-01 7.39033031e-01
 3.08022758e-01 9.99747425e-01 9.64674297e-01 1.07788055e-02
 4.53242102e-01 7.46082014e-01 3.29984374e-01 3.32507647e-01
 8.50666164e-01 8.99341903e-02 6.48237362e-03 7.77577506e-01
 5.94648267e-04 5.12418216e-01 4.52383580e-05 9.86959108e-01
 8.75022277e-01 1.42306826e-04 9.56261588e-01 3.43939865e-01
 1.98608948e-01 6.92276882e-01 1.15766152e-02 1.76710535e-03
 9.22745081e-01 9.97742629e-01 1.53086521e-01 2.85063653e-06
 7.05423998e-04 7.94622685e-01 1.37173430e-03 9.08119541e-01
 9.98583355e-01 2.77756815e-01 2.70258077e-03 7.61670122e-01
 5.29776150e-01 2.54234695e-01 9.97759372e-01 2.69820234e-01
 1.79719055e-02 1.02323078e-01 9.99774806e-01 9.88589533e-01
 5.61320443e-02 6.44399854e-03 4.62545323e-02 6.83882696e-02
 1.40082813e-02 7.76523437e-04 2.89505809e-01 3.31259256e-03
 8.34399412e-01 1.55398130e-01 1.31008120e-02 9.98096508e-01
 9.99947574e-01 2.09030739e-01 8.55944358e-01 9.64627720e-01
 1.85500609e-03 1.15464072e-01 9.83509342e-01 4.20587129e-03
 2.65405720e-01 1.04193313e-02 4.92137229e-01 5.98879420e-02
 4.20073217e-01 9.71557585e-01 5.46768211e-02 6.43858697e-01
 9.17124377e-01 7.53576732e-01 9.98775985e-01 9.95005433e-01
 9.01753951e-04 2.77144205e-01 3.92846497e-01 9.98617267e-01
 1.05821656e-01 7.39723447e-04 2.61852983e-01 6.64863602e-01
 7.95364842e-02 9.54211433e-01 8.96693196e-01 9.97532707e-01
 9.74932731e-01 9.97321125e-01 8.96489007e-04 1.79557403e-01
 9.94730652e-01 4.84363514e-02 9.54513383e-02 4.36122431e-03
 8.13055062e-01 2.03674994e-01 6.85933447e-01 9.99603939e-01
 7.88715065e-01 9.84041582e-01 4.15300506e-01 7.31447752e-01
 9.99960627e-01 2.65456449e-01 6.49211912e-01 6.43276133e-01
 2.58969919e-01 9.99920452e-01 3.27461880e-01 7.42218170e-04]action_after_sigmoid:[1.45780151e-01 8.19263305e-01 5.58845377e-02 4.25730271e-01
 1.20191300e-01 3.57021501e-05 1.74499073e-04 9.82835450e-01
 3.46051952e-01 8.60194236e-02 9.25865530e-01 2.44526835e-01
 3.91096094e-01 5.25157809e-01 3.52170826e-01 5.72114482e-03
 9.99732562e-01 2.14157533e-03 6.15210010e-02 2.30224946e-02
 6.91912622e-01 9.59481981e-01 9.99839174e-01 8.45868855e-01
 2.88160033e-03 3.73330398e-02 2.63516329e-05 9.22753487e-02
 1.71156781e-02 1.48961483e-01 7.32143402e-02 4.25491570e-01
 9.54579286e-01 3.71036220e-01 4.83451376e-01 9.43385403e-01
 9.88676952e-01 7.21125056e-01 8.55934249e-01 9.99868980e-01
 8.38847473e-01 1.18424612e-05 7.71742100e-01 2.95128932e-03
 7.94791759e-02 8.60641008e-02 9.92165475e-01 9.29818383e-01
 8.61939389e-01 7.37997014e-01 3.01441964e-02 9.91836342e-01
 2.27768891e-02 4.01632901e-01 4.42721593e-02 9.97259770e-01
 7.01488471e-01 4.15016636e-01 5.58248913e-05 4.22817541e-02
 5.16485626e-05 5.95277714e-01 1.10213803e-01 2.02653657e-03
 1.22665186e-03 9.98561457e-01 9.58446561e-02 9.89962748e-01
 2.72504803e-01 9.95929089e-01 9.08926421e-01 2.66037917e-02
 7.58127088e-01 7.03216625e-01 9.88023863e-01 3.48436194e-01
 1.09044358e-01 3.15925917e-02 2.34282993e-01 4.34209142e-02
 9.99328868e-01 7.31890087e-03 1.85876086e-02 1.66079544e-01
 4.13792620e-01 9.96708316e-01 8.34246976e-01 9.85979167e-01
 2.80981903e-03 8.32453799e-01 9.64775845e-01 1.99775277e-02
 9.84507260e-03 2.04423852e-01 7.97022888e-03 5.99242465e-01
 1.57074789e-01 9.48203631e-01 3.26043668e-02 1.18310711e-01
 9.35374768e-01 9.95740424e-01 3.12150215e-02 3.23706303e-01
 9.97334075e-01 9.99685865e-01 9.19622370e-01 1.67724857e-04
 1.75714418e-02 1.50877006e-02 9.10225858e-01 6.07111124e-01
 6.06668019e-01 9.98931601e-01 9.74600509e-01 1.30283573e-01
 8.71296195e-01 4.70578890e-01 4.49190410e-01 4.96196722e-01
 4.34456715e-01 1.12355515e-02 1.66198001e-03 6.61022223e-01
 6.63650804e-04 4.78986231e-01 2.43267876e-04 9.89299520e-01
 4.22484456e-01 8.94112071e-05 9.17800701e-01 8.41906954e-02
 1.42134487e-01 5.95852195e-01 1.14075146e-02 6.94567870e-03
 9.82205898e-01 9.99475307e-01 4.51306581e-02 2.10043216e-05
 7.71498611e-05 8.96503325e-01 1.83628999e-03 8.21310895e-01
 9.99519363e-01 2.06313878e-01 8.75335366e-03 7.54070849e-01
 4.04607796e-01 1.23392985e-01 9.95224674e-01 2.43077195e-02
 3.60536354e-02 1.42253132e-01 9.98436391e-01 9.86864050e-01
 2.05091069e-02 5.28752234e-03 2.39106125e-02 1.40442838e-01
 2.36349718e-03 1.00078088e-03 3.46534143e-02 6.71230851e-03
 8.50566250e-01 1.24101248e-01 7.69139758e-02 9.99194703e-01
 9.99992447e-01 7.08567241e-01 2.07960151e-01 9.67556709e-01
 2.88257171e-03 3.91126638e-01 9.86166497e-01 8.93120819e-03
 4.09164324e-01 6.65134416e-03 7.32400477e-01 1.74336124e-02
 3.73371647e-01 9.01523883e-01 7.82483958e-02 4.12924201e-01
 9.83497561e-01 9.70167143e-01 9.98566780e-01 9.97501433e-01
 1.94707104e-04 1.90318025e-01 5.50256117e-01 9.97065786e-01
 3.85412009e-01 1.73258923e-04 2.59785746e-01 8.17299808e-01
 9.61084552e-03 8.42716576e-01 6.86845002e-01 9.91981849e-01
 9.49537140e-01 9.98480182e-01 1.16445413e-03 2.88045102e-02
 9.95543462e-01 6.51340577e-03 5.21951435e-01 1.23370359e-02
 8.92622481e-01 1.11656272e-01 9.05983914e-01 9.99557872e-01
 8.78861028e-01 9.20095497e-01 5.09432812e-01 7.57001292e-01
 9.99972583e-01 2.02722500e-01 9.07807595e-01 6.58561949e-01
 2.09885879e-01 9.99984177e-01 2.99744000e-01 1.14880253e-03]action_after_sigmoid:[1.07372192e-01 4.35911857e-01 6.71004942e-02 2.51255016e-01
 1.94260495e-01 2.36351705e-05 2.39102339e-03 9.96166286e-01
 2.79510736e-01 7.89322182e-02 9.41773119e-01 2.98811111e-01
 6.19718283e-01 7.54259305e-01 8.54687312e-01 6.91044778e-04
 9.99343818e-01 1.65667026e-03 1.82511608e-01 1.16920733e-02
 6.28458279e-01 9.80437540e-01 9.99779932e-01 9.10851323e-01
 5.84034027e-03 3.54420543e-02 6.87917264e-05 1.32057138e-01
 1.28575536e-03 1.38973421e-01 8.13532665e-02 4.59464935e-01
 9.83540873e-01 4.10037146e-01 5.79887706e-01 9.89693125e-01
 9.89526249e-01 4.87320166e-01 8.60637224e-01 9.99916211e-01
 8.41913885e-01 1.01217056e-05 5.69675295e-01 1.52082325e-02
 2.81739882e-02 4.18489435e-02 9.96827673e-01 8.29645164e-01
 8.94243431e-01 8.23811160e-01 3.51166522e-02 9.91491984e-01
 3.20765126e-02 5.89675950e-01 2.15172561e-02 9.97168421e-01
 3.40750206e-01 2.78031520e-01 5.39102744e-05 5.48470216e-02
 1.62941242e-05 5.60709349e-01 1.66928889e-01 2.21086891e-03
 3.01988982e-03 9.98708827e-01 9.57821546e-02 9.93763480e-01
 2.20756107e-01 9.98943645e-01 8.71456441e-01 1.57891868e-01
 7.35906327e-01 8.00554068e-01 9.91292967e-01 2.63628078e-01
 5.26834825e-02 1.03382326e-02 2.52056797e-01 5.51987680e-02
 9.99089936e-01 7.43435216e-03 5.76956577e-02 7.17815562e-01
 2.21886695e-01 9.98073851e-01 4.29394983e-01 9.66321144e-01
 1.07133755e-02 5.70519320e-01 9.43650409e-01 6.13727776e-03
 1.54874706e-03 3.30360306e-01 2.54486551e-02 5.67759423e-01
 1.00239132e-01 9.85824450e-01 1.22711540e-02 2.39691772e-01
 9.28937488e-01 9.51373571e-01 1.68762988e-01 1.46543453e-01
 9.97406376e-01 9.99768410e-01 9.52736753e-01 2.90384193e-04
 6.78415896e-03 6.12209400e-03 9.43631786e-01 2.41912356e-01
 7.95384978e-01 9.97608525e-01 8.01715928e-01 5.74924887e-01
 4.44674929e-01 4.69413030e-01 4.09036915e-01 5.75330041e-01
 3.52435763e-01 5.63504341e-03 2.80334526e-03 6.88151776e-01
 4.01979119e-04 3.90996927e-01 3.62517304e-04 9.78630001e-01
 4.69768753e-01 2.47289882e-05 9.59924436e-01 3.46951675e-01
 1.50527222e-02 5.20705610e-01 1.93016679e-02 1.73032332e-02
 9.80191504e-01 9.99439533e-01 6.93752663e-02 1.54872716e-05
 7.06814513e-05 8.95878805e-01 8.52624922e-03 4.03474283e-01
 9.99620058e-01 1.27481019e-01 5.60462060e-03 8.18557584e-01
 4.84086269e-01 1.87351970e-02 9.93752619e-01 2.36784071e-02
 3.22411871e-02 6.04491092e-02 9.98547276e-01 9.77273081e-01
 9.74952863e-03 1.50018043e-03 2.70662255e-02 1.46660960e-01
 3.43529518e-04 5.19149664e-04 1.78112052e-02 2.20272713e-02
 9.61929136e-01 2.20487051e-01 3.26034038e-02 9.99326644e-01
 9.99997236e-01 9.21869350e-01 2.76570542e-01 9.94035500e-01
 2.72798710e-03 5.03913350e-01 9.98506901e-01 1.02970942e-02
 5.50638514e-01 1.76008679e-02 7.43514260e-01 8.57283143e-03
 6.91386190e-01 9.33214736e-01 6.41022686e-02 3.80515965e-01
 9.88402944e-01 9.65644458e-01 9.99121254e-01 9.94214027e-01
 1.11710269e-04 9.89439665e-02 8.97351584e-01 9.95561010e-01
 3.27877495e-01 6.71097747e-05 1.17450910e-01 9.78930031e-01
 4.17427815e-03 8.62038627e-01 2.92458085e-01 9.95992201e-01
 8.22054119e-01 9.99393996e-01 6.55914221e-04 5.46796495e-02
 9.96965281e-01 2.48923135e-03 9.25611990e-01 2.69686345e-02
 9.32362027e-01 1.23250978e-01 8.05673178e-01 9.99957783e-01
 8.46503019e-01 9.12553716e-01 4.84943223e-01 9.72022961e-01
 9.99976059e-01 2.63980363e-01 9.54952736e-01 3.68299993e-01
 5.43835399e-01 9.99969697e-01 1.84541619e-01 1.81632945e-03]action_after_sigmoid:[4.37157212e-01 9.45702534e-01 9.55498155e-01 2.41838803e-02
 3.19044444e-02 9.96848664e-01 4.48913681e-01 4.97040781e-03
 9.91067104e-01 2.87841895e-01 1.15407025e-01 7.89629748e-03
 1.57493770e-04 7.40898497e-01 9.99982089e-01 1.10751577e-01
 3.89897497e-01 6.13237865e-01 4.55879864e-01 5.67485128e-01
 9.79163601e-01 2.02180557e-01 4.42954589e-01 5.77943557e-01
 1.74054324e-01 1.61784216e-01 9.63972868e-01 8.90530941e-01
 9.78674342e-01 5.28475108e-02 9.99639589e-01 1.44695677e-02
 2.30582806e-01 2.65449354e-03 8.05396176e-01 5.56551591e-01
 9.99510968e-01 9.33137975e-01 1.23044883e-01 9.69430564e-01
 9.82247069e-01 2.45209306e-02 9.74835896e-01 5.39230585e-01
 9.56622044e-01 8.52101120e-01 5.67905407e-02 9.95163180e-01
 2.51675510e-01 8.77620331e-01 5.40198354e-02 1.52683209e-03
 5.85791378e-05 6.62051380e-04 6.16903127e-01 9.99998515e-01
 9.68150578e-01 9.72739283e-01 1.19699987e-02 2.55439057e-02
 7.30306520e-02 9.95619091e-01 2.40350903e-02 4.77788435e-01
 1.32881118e-03 9.38567028e-02 5.36867751e-01 4.90776636e-01
 4.66741773e-01 7.44343206e-01 3.31670074e-02 6.68669737e-03
 5.23236426e-01 9.43645629e-01 9.45370797e-01 5.49618759e-04
 9.91099491e-01 1.07773797e-01 6.19456838e-01 3.59817817e-01
 5.23670279e-03 9.76923270e-02 9.74917192e-01 9.88938712e-01
 9.74934432e-01 7.38652765e-01 4.61416384e-01 3.80975426e-01
 9.73815616e-01 1.09295067e-01 2.51190644e-01 4.40279131e-02
 9.99408948e-01 4.93649955e-01 9.82648083e-01 1.84468177e-02
 7.31033632e-01 4.08318213e-03 6.59890603e-02 9.67756078e-01
 8.20264870e-02 3.83211036e-01 3.90617060e-01 2.56063797e-01
 1.92578152e-01 2.13981757e-03 8.61560507e-01 5.50171542e-01
 1.11701998e-03 7.90907747e-01 1.19044894e-02 7.98187955e-01
 1.61182940e-02 6.59647529e-01 5.88902947e-01 1.71938203e-03
 9.98485922e-01 2.30839826e-01 1.28500399e-02 9.69496153e-01
 2.56047334e-02 1.42933485e-04 5.18953316e-02 1.70262506e-03
 9.96137945e-01 4.95996414e-02 6.50704898e-02 6.35749912e-04
 5.34271341e-02 7.06803548e-02 9.47693213e-01 9.46331608e-03
 4.86438664e-01 1.39779464e-02 1.55849904e-01 5.67978804e-02
 1.18448355e-02 6.55244539e-01 1.22709925e-01 6.58478849e-01
 8.85351924e-01 3.45722829e-01 2.86314021e-01 6.17276340e-01
 9.94497607e-02 9.85595226e-01 9.15299273e-02 2.67336470e-04
 9.99942894e-01 9.23808305e-01 4.48342578e-01 7.00468254e-01
 6.20832553e-02 9.98235550e-01 9.83252038e-03 2.08201409e-02
 6.52352086e-02 2.34970380e-02 5.05445197e-04 9.51596081e-01
 4.56397006e-01 7.87107062e-02 9.96889981e-01 1.05340513e-01
 2.64938813e-02 9.77220029e-01 5.86246936e-01 7.59166345e-01
 1.62600728e-01 7.22371172e-05 2.86780428e-01 2.72157208e-02
 9.19319763e-01 9.74579608e-01 9.22181482e-04 2.44969438e-02
 3.38067235e-01 1.83840129e-04 4.39127554e-01 9.09526532e-01
 7.46266115e-01 2.66158130e-01 1.85872976e-01 9.96832311e-01
 9.97915589e-01 2.10160130e-01 1.55867418e-01 9.92434798e-01
 8.37196349e-01 7.97108458e-01 8.36619329e-01 4.05342577e-01
 5.69816015e-02 1.23482787e-01 5.98728310e-02 9.01728905e-01
 9.67157072e-01 9.99929219e-01 4.41823648e-02 9.51649839e-01
 1.79233427e-04 8.10031206e-02 7.86715438e-03 7.70067883e-01
 9.99135832e-01 7.96892792e-02 9.04880356e-01 4.80448377e-01
 3.59679380e-03 1.54067702e-01 9.76371318e-01 8.07454892e-01
 6.48071975e-01 3.50663465e-04 5.30185385e-01 4.37944435e-01
 9.66584294e-01 5.09920434e-01 3.38173045e-02 9.51966258e-01
 3.15271827e-02 1.57095745e-01 5.88108753e-01 1.16389934e-02]action_after_sigmoid:[9.02828666e-01 4.13830059e-01 8.77116396e-01 2.77921963e-03
 1.22654228e-02 9.95125679e-01 5.62848014e-01 7.35293524e-04
 9.83134890e-01 1.21199463e-01 6.77096080e-01 1.16091476e-01
 9.26534375e-04 7.31440561e-01 9.99995469e-01 8.27842128e-01
 3.88631400e-01 7.52237544e-01 7.99203712e-01 5.04485767e-01
 9.75136828e-01 4.39357342e-01 4.26346313e-01 9.05496985e-01
 1.38587395e-01 1.30911921e-02 9.86177674e-01 7.90997315e-01
 9.72119993e-01 4.56251518e-03 9.99984878e-01 4.00186492e-01
 6.11042162e-01 3.70988416e-04 7.93107743e-01 3.21048419e-01
 9.99654203e-01 9.73712174e-01 3.06535417e-02 8.62014620e-01
 9.80783714e-01 7.32016145e-03 9.36334980e-01 7.40869133e-01
 9.61175862e-01 9.80587792e-01 3.57791876e-02 9.98396673e-01
 1.15737287e-01 7.57678366e-01 6.60197099e-02 5.15325865e-03
 1.34087960e-03 9.42747644e-04 3.25729896e-01 9.99997381e-01
 9.82562320e-01 9.79014059e-01 1.73939181e-02 2.76801936e-02
 1.65689143e-01 9.97751798e-01 1.90502186e-02 6.05765330e-01
 1.72970416e-03 1.51559796e-01 9.08560157e-02 9.41020523e-01
 9.45113176e-01 5.50481582e-01 7.05513775e-03 3.54932383e-03
 1.68702154e-01 9.95590146e-01 9.92209744e-01 5.23434853e-05
 9.91220692e-01 2.57815440e-01 5.72795471e-01 1.64423317e-01
 1.11900186e-03 9.83709857e-03 8.89959475e-01 9.84234028e-01
 9.91223567e-01 6.95463374e-02 9.11435504e-01 4.76202803e-02
 9.83483415e-01 9.08221140e-02 9.02430363e-03 4.25943243e-02
 9.97115010e-01 1.86974561e-02 9.74029365e-01 2.36657074e-03
 9.80870600e-01 6.70034988e-05 1.60235757e-02 9.95949550e-01
 1.64713781e-01 9.56896982e-01 9.47557629e-01 2.68047221e-01
 4.96356088e-01 3.08876699e-03 7.78979352e-01 9.90015341e-01
 1.57900570e-01 9.02293517e-01 4.11391037e-01 2.14029511e-01
 1.39539122e-02 6.41537768e-01 3.21068252e-01 3.28375072e-03
 9.95312628e-01 2.42687748e-02 1.99147921e-03 9.96942321e-01
 1.84262932e-02 1.09066310e-03 2.97051435e-02 1.60800169e-03
 9.91983775e-01 8.92508637e-02 2.79860305e-02 3.19133835e-02
 9.02396016e-01 5.86619488e-02 9.74630488e-01 5.26963838e-03
 7.55197679e-01 2.42595239e-02 2.71569076e-03 4.56751994e-01
 1.77775698e-01 9.27892215e-01 4.21522988e-03 9.75770365e-01
 9.77431057e-01 8.11687955e-02 2.36316790e-01 9.06345557e-01
 4.57216928e-02 8.91193102e-01 1.72423512e-01 2.51573588e-05
 9.99925631e-01 9.82687521e-01 1.39180311e-02 9.58755764e-01
 5.27631336e-02 9.99931323e-01 3.62037104e-03 9.43360240e-03
 7.00639688e-01 1.44145462e-01 7.94769867e-03 9.49535880e-01
 1.34160346e-01 1.77873376e-01 9.44804022e-01 1.01664570e-01
 2.82156667e-01 9.94435382e-01 9.09989985e-02 1.08849639e-01
 6.84185399e-01 2.35403598e-05 6.19086375e-01 9.94004139e-03
 9.36129356e-01 9.74747717e-01 9.59495785e-05 2.09585894e-02
 1.02352122e-01 2.23468344e-04 8.15030441e-01 9.99402307e-01
 7.71200276e-01 2.39264934e-01 8.34523012e-01 9.99609113e-01
 9.95059280e-01 8.46826313e-01 4.07307875e-03 9.99725259e-01
 9.99021238e-01 7.92678873e-01 5.56874515e-02 6.55497245e-01
 1.82456111e-02 1.04076774e-01 7.56929143e-03 9.22833669e-01
 9.55683936e-01 9.99924670e-01 4.19245387e-01 9.56509587e-01
 4.25013506e-05 1.21840722e-01 2.29982348e-03 9.30415422e-01
 9.98834528e-01 1.39367271e-01 8.18887160e-01 1.97886988e-02
 1.52868585e-04 8.34672580e-01 9.95279586e-01 6.92500621e-01
 1.55958526e-01 2.98728435e-04 9.61491547e-01 9.58267264e-02
 9.95675957e-01 1.89224543e-02 7.48964283e-01 8.82207225e-01
 2.93852409e-02 4.83189836e-01 9.10892264e-01 7.83973147e-03]action_after_sigmoid:[9.97758130e-01 3.25310213e-03 5.56012105e-01 1.45200217e-01
 7.23485572e-02 7.05220612e-01 9.99286252e-01 1.15759608e-02
 9.96626421e-01 3.88662011e-01 8.30494163e-01 4.08409120e-04
 7.44545152e-01 6.48853219e-01 5.74643303e-02 9.99953451e-01
 2.17180970e-01 9.22087844e-01 4.61170864e-02 1.57726757e-01
 7.98591086e-01 9.94896082e-01 1.00854911e-01 3.59274956e-04
 9.34394984e-01 6.82431234e-01 9.70035305e-01 9.81791217e-01
 3.42834888e-02 9.60483108e-01 1.90280106e-03 1.86850712e-02
 9.70340890e-01 9.36029469e-01 9.99995428e-01 1.55874520e-02
 9.56081089e-01 9.75033392e-01 8.46255166e-01 9.96623232e-01
 3.93643714e-02 9.82559673e-01 9.94458672e-01 7.57383495e-04
 1.01244410e-01 9.93875861e-01 1.74848765e-01 9.47451707e-01
 3.69218565e-02 6.90703637e-04 2.08990015e-01 1.16232045e-01
 8.75959228e-01 9.98530780e-01 1.44491563e-04 1.03541433e-01
 8.47491162e-03 1.22882680e-02 5.91173387e-02 9.98228643e-01
 9.77050464e-01 9.95775000e-01 1.76152865e-01 9.96473651e-01
 9.31309140e-01 9.62382463e-01 2.39309874e-01 9.99994337e-01
 9.96475838e-01 9.02581224e-01 6.84435516e-01 9.09558096e-01
 1.19070817e-02 9.98402748e-01 1.89320156e-01 9.76135750e-01
 5.00565328e-03 6.02187718e-01 2.09242292e-03 8.09847595e-01
 2.17913942e-02 4.35695904e-02 1.50634476e-01 6.48910941e-01
 6.87047579e-02 9.99876946e-01 7.59537908e-01 7.53979384e-01
 3.08962401e-02 9.70001335e-01 9.95935869e-01 6.01916774e-01
 7.31469247e-01 4.31064167e-02 9.96527543e-01 1.80800624e-01
 5.38854171e-01 9.55117319e-01 9.65733884e-01 6.78632838e-01
 1.80657920e-02 6.91904704e-01 3.38866885e-02 2.21047091e-01
 9.50356937e-01 3.98000425e-01 9.88800165e-01 8.79065530e-02
 9.96121897e-01 1.72615173e-02 1.06099033e-01 5.20825988e-01
 4.24853872e-01 7.21550397e-01 4.84801942e-01 3.56752166e-01
 3.94520710e-02 9.83425510e-01 2.40818952e-02 1.02531400e-02
 9.68982935e-01 1.77678850e-01 2.99109632e-01 3.75574198e-03
 2.75506459e-01 2.07767607e-01 8.42700819e-02 3.73043508e-03
 3.59746425e-02 3.25247984e-01 8.49565280e-01 9.54981630e-01
 3.02303771e-01 9.80832852e-01 7.93341146e-01 9.99955027e-01
 7.66030000e-01 8.98208143e-02 7.51556724e-02 8.37848867e-01
 5.15871738e-03 3.27428162e-01 4.89536490e-02 9.73333129e-01
 9.99744254e-01 3.34854640e-01 5.62831039e-01 2.53630953e-02
 4.89158730e-01 5.05293009e-01 1.81727667e-01 4.11395904e-02
 4.22713425e-01 9.72772542e-01 4.92697470e-02 8.00552683e-01
 1.61065921e-02 4.08743300e-03 5.76335778e-03 7.69509682e-03
 9.37858460e-01 4.89348345e-01 3.20113106e-02 9.99973052e-01
 3.94158858e-02 5.72340228e-05 1.41526157e-01 8.99302325e-01
 1.57752201e-03 5.44919168e-01 6.73773033e-01 8.26598847e-01
 5.89785070e-01 8.53118967e-01 9.71067310e-01 6.91787744e-03
 9.70177292e-01 9.39450146e-01 1.33988871e-02 9.08302274e-01
 9.18524511e-01 2.70390540e-01 8.46103125e-01 9.97011702e-01
 6.52182521e-01 3.47622726e-04 4.76891751e-03 4.01046853e-01
 3.12772482e-02 1.70318614e-01 9.27002177e-01 4.87846903e-01
 9.98902576e-01 8.44703281e-03 2.86524495e-01 2.76054427e-03
 4.01035158e-01 1.30021661e-01 4.82213764e-01 5.10735646e-01
 3.80380603e-01 9.55737020e-01 2.76568426e-01 6.80418239e-03
 5.83023966e-01 9.44383929e-01 8.56071453e-01 2.76877280e-01
 8.96047013e-01 1.93386196e-02 1.27290695e-01 5.85758374e-03
 6.29030857e-01 7.60746546e-01 8.35150467e-01 9.72499349e-01
 9.67575483e-01 9.93518440e-01 6.54278422e-01 9.39658502e-01
 4.91612577e-02 1.88353171e-04 3.98264078e-01 9.29659769e-01]action_after_sigmoid:[9.99854484e-01 1.76452149e-02 4.38165434e-01 1.08316280e-01
 5.45266020e-02 2.73514386e-01 9.98377272e-01 1.47386295e-03
 9.89430618e-01 2.65501768e-01 9.88509506e-01 8.81389807e-04
 3.08183652e-01 9.68962803e-01 5.22243937e-01 9.99911251e-01
 6.12465500e-01 9.63648658e-01 2.94517611e-02 7.46767458e-01
 2.34703087e-01 9.88317935e-01 5.20359752e-02 1.65942249e-04
 9.81019631e-01 6.13244836e-01 9.63211024e-01 9.97971274e-01
 2.94674044e-01 9.36059453e-01 5.25113531e-02 2.25514726e-02
 7.60921305e-01 9.72274178e-01 9.99998968e-01 1.13556979e-01
 9.87687708e-01 6.42763813e-01 8.17848065e-01 9.84570378e-01
 2.66227244e-01 9.58060164e-01 9.97661866e-01 1.97045801e-02
 2.16525244e-01 9.85430538e-01 4.91879146e-03 1.61705363e-01
 1.02678938e-01 6.95798781e-03 2.76258914e-01 6.51319013e-02
 9.20975834e-01 8.34736046e-01 3.44339778e-03 3.69768397e-01
 1.68262770e-03 7.23321238e-03 4.51335146e-01 9.98891994e-01
 9.66922022e-01 9.97880434e-01 4.93727647e-01 9.93144574e-01
 8.74643482e-01 9.95290541e-01 7.24847005e-02 9.99988227e-01
 9.77688184e-01 9.79527253e-01 9.06876957e-01 9.99730157e-01
 8.72581655e-03 9.99961076e-01 5.20047790e-01 8.20903405e-01
 4.96808244e-02 7.21642854e-01 9.28464026e-03 9.55028429e-01
 1.04690022e-03 5.42463174e-02 2.65069807e-01 6.48004100e-02
 1.10105330e-01 9.99892347e-01 7.13324480e-02 2.20761649e-01
 1.44695006e-02 9.99777739e-01 9.99480092e-01 9.60729754e-02
 9.75725105e-01 3.33534850e-02 9.99662537e-01 1.49590478e-01
 7.02184090e-01 9.59662834e-01 9.68905893e-01 9.70324096e-01
 1.21409290e-02 7.16750369e-01 1.12554366e-01 5.00566767e-01
 9.29821191e-01 2.61193240e-01 8.92891507e-01 5.31653355e-03
 9.98784358e-01 1.61883780e-03 4.53160397e-01 2.22655504e-01
 4.68227476e-01 8.50995733e-01 2.49611060e-01 1.49652888e-02
 2.02804828e-02 9.96043751e-01 1.55571390e-02 1.00105603e-02
 9.86847109e-01 1.44830619e-01 1.42968079e-01 1.40322028e-02
 3.55003319e-02 2.65772425e-01 1.29967238e-01 1.24326964e-03
 1.22596247e-01 1.64553835e-02 6.20254240e-01 8.25557965e-01
 6.22552939e-02 9.91085440e-01 8.97000552e-01 9.99580717e-01
 2.14051159e-01 1.35179357e-02 2.53807825e-01 8.17267062e-01
 1.27722532e-01 2.60143303e-01 3.12458673e-02 9.75199389e-01
 9.99334910e-01 1.09319064e-01 1.56455916e-01 2.96191738e-03
 5.87430357e-01 5.18050110e-01 9.61787587e-01 3.31051527e-01
 1.39627136e-02 9.71254361e-01 2.51003655e-03 1.80737720e-01
 3.92022170e-01 4.24771390e-04 6.61091078e-04 3.52950292e-02
 6.36476706e-01 8.07798105e-01 5.50963113e-04 9.99974691e-01
 1.04175221e-01 4.42629693e-06 9.37553804e-03 9.85648826e-01
 1.33751306e-03 1.99197247e-01 5.58900331e-01 8.74023623e-01
 7.12899497e-01 9.85147064e-01 9.90123452e-01 7.32005097e-02
 9.96644624e-01 8.10743261e-01 5.85797538e-03 9.15584254e-01
 7.11858499e-01 3.82281284e-02 9.33441906e-01 9.26438643e-01
 1.83888501e-01 1.45466716e-04 1.44954030e-02 9.51762040e-01
 5.37244676e-02 1.52563240e-01 8.97996934e-01 1.47602575e-01
 9.99739255e-01 7.31959620e-02 4.96867350e-01 1.36462160e-02
 1.83615263e-01 1.31171641e-01 5.06208159e-01 7.28329987e-01
 1.14713610e-01 9.99156286e-01 6.63407380e-02 1.13155247e-02
 9.52560573e-01 9.87480094e-01 9.79946301e-01 7.28344640e-02
 7.14889582e-01 5.41873121e-01 9.45855693e-03 2.17342316e-02
 9.04974132e-01 2.76001591e-01 6.05605203e-01 9.92177808e-01
 9.87013836e-01 9.98036890e-01 7.22522363e-01 5.99917285e-01
 9.84812632e-02 3.65355577e-03 6.81626047e-01 9.95309335e-01]action_after_sigmoid:[1.01067029e-02 1.56658223e-03 1.33952737e-01 9.92306861e-01
 1.39457659e-02 9.75805875e-01 3.01908244e-02 6.48929594e-02
 9.89994868e-01 3.71675983e-01 1.97828015e-02 4.69518492e-01
 6.93906966e-01 9.59332169e-01 1.50548691e-01 1.21087349e-01
 1.84117027e-02 9.20336878e-01 1.17577119e-03 7.35318715e-01
 9.91521390e-01 1.34117829e-02 3.88149060e-01 9.61057446e-01
 9.98707511e-01 9.62250366e-01 1.49235609e-03 9.60002848e-01
 6.60426425e-01 4.45580674e-02 1.23577075e-02 2.12007639e-01
 9.97896331e-01 9.50963902e-01 8.03728823e-03 7.88245099e-01
 8.81445492e-01 4.53383178e-02 1.60824875e-02 9.65260841e-01
 7.95329023e-01 1.89320494e-03 2.36330186e-01 9.94647483e-01
 9.92039918e-01 6.04514193e-01 8.39801162e-04 6.82734273e-02
 7.83351275e-02 8.36403593e-01 4.31324607e-03 5.16291919e-03
 6.87033253e-01 6.91321348e-01 6.03374241e-03 9.91530360e-01
 9.30126511e-01 2.65466563e-01 1.99925040e-03 4.20697176e-03
 4.88657023e-01 7.74811796e-01 4.37029851e-03 5.31053707e-01
 4.37433827e-04 9.54125672e-01 5.44933522e-01 8.06748406e-02
 4.74188857e-02 9.77409138e-01 8.20720025e-01 9.44358074e-01
 9.91596933e-01 9.99849466e-01 1.11202447e-02 9.76206678e-01
 2.94106098e-02 6.82928726e-01 7.15337928e-01 6.75440394e-01
 3.35373065e-01 4.88072246e-01 7.47218720e-01 2.52307948e-01
 1.38074777e-03 3.67459565e-01 6.78009983e-02 1.20593627e-01
 2.48387611e-01 7.05980141e-01 9.99044207e-01 9.99911923e-01
 9.97116979e-01 5.05993257e-02 1.36066817e-03 1.22966321e-01
 9.71716967e-01 1.20889756e-03 8.64413457e-05 9.79253272e-01
 1.29802056e-02 5.28402672e-02 8.85109707e-01 9.52683710e-01
 6.82551998e-04 9.99781549e-01 1.17297400e-01 9.95995156e-01
 1.19270527e-02 2.91340059e-04 7.40577321e-01 7.61517935e-01
 7.73839033e-01 9.55304505e-01 9.99751762e-01 7.43177825e-01
 9.56998500e-01 2.95737436e-02 2.43893396e-01 1.42895173e-01
 1.67150840e-02 7.08751930e-01 3.66560443e-03 6.16411962e-01
 4.39078569e-02 9.20210985e-02 1.48359655e-01 2.28000870e-02
 3.94446068e-01 2.26949090e-01 2.40339499e-01 1.03948185e-03
 3.57581709e-01 1.27764011e-02 9.39003439e-01 9.91289620e-01
 7.77098237e-01 9.48682417e-01 9.99923025e-01 8.37843972e-01
 4.02037055e-02 4.44159570e-02 8.47222753e-02 9.41195366e-01
 6.82422129e-01 5.34810241e-01 2.47128823e-02 5.16764274e-02
 9.78149441e-01 9.99647785e-01 2.44036810e-02 9.57591789e-01
 1.03892460e-01 7.43968172e-03 9.74766629e-01 8.30788722e-01
 3.01150209e-04 9.94308869e-01 4.59462001e-02 9.36250874e-01
 9.33043876e-01 1.34158415e-01 8.81642665e-01 5.30719095e-02
 8.85548418e-01 5.75433130e-02 2.97354792e-02 9.18828167e-01
 1.56225054e-01 9.22285488e-01 9.52463050e-01 3.45883252e-02
 6.83218835e-01 1.37609284e-01 7.57030787e-01 3.99822079e-05
 5.81954371e-04 1.53498751e-02 6.17425326e-03 1.49366277e-02
 5.52001585e-01 1.31205805e-01 9.97509709e-01 1.94331412e-02
 9.93557074e-01 5.46356657e-03 2.02521681e-01 1.78167035e-03
 9.61408491e-01 8.96552802e-01 9.93777472e-01 3.70316585e-03
 9.74686453e-01 2.11456363e-01 9.43505267e-01 2.68727746e-01
 9.63307297e-01 9.43750572e-01 9.81391753e-01 5.82247560e-01
 3.11365660e-04 4.90273895e-03 1.76801870e-01 3.71008241e-01
 9.88282692e-01 6.94954052e-02 7.25192277e-01 9.91714912e-01
 9.20421842e-01 4.18753485e-01 9.97903172e-01 9.52629978e-01
 9.95814056e-01 1.42950575e-03 2.63399758e-02 5.46826550e-01
 2.31827480e-02 9.83181908e-01 1.72407126e-01 9.99796176e-01
 3.98091558e-01 1.34083008e-02 6.38107993e-02 9.95324710e-01]action_after_sigmoid:[1.18897189e-02 2.40143824e-02 8.09001866e-01 9.21644385e-01
 3.11883793e-01 9.11666306e-01 2.74058899e-01 2.33702083e-03
 9.79702388e-01 1.18938605e-01 3.04257458e-04 8.83098063e-01
 7.46008564e-01 9.99437593e-01 6.09551199e-02 1.75188126e-01
 8.25077257e-02 5.37750862e-01 6.67640853e-04 9.91198106e-01
 9.94590589e-01 1.67129229e-02 6.57662146e-02 9.91894149e-01
 9.98198521e-01 8.49778435e-01 2.17406925e-03 9.57823277e-01
 7.45361747e-01 5.03942650e-04 2.71234758e-02 4.36152917e-01
 9.99932798e-01 9.68836953e-01 5.85235607e-02 7.11621943e-01
 9.47817030e-01 2.34234680e-02 8.49424157e-03 9.82319289e-01
 9.41099417e-01 4.81215841e-04 6.43946575e-01 9.98059652e-01
 9.34613592e-01 2.96608478e-01 1.94705993e-04 2.77436619e-01
 3.16161138e-01 6.69729157e-01 1.78451619e-02 1.95780295e-02
 2.13887045e-01 9.01718928e-01 1.02049754e-02 9.27797272e-01
 9.97932952e-01 3.16736219e-01 2.02597637e-02 1.08827083e-03
 8.47749549e-01 9.76797041e-01 3.35442406e-03 4.09364655e-01
 3.50272956e-03 9.79846077e-01 7.05086868e-02 2.96723907e-02
 5.89452820e-01 9.94805270e-01 9.93062207e-01 9.49242691e-01
 9.90238541e-01 9.99786217e-01 1.92179928e-03 9.75872424e-01
 2.76447067e-02 4.95317803e-02 9.19682845e-01 1.78967310e-01
 1.84014356e-01 6.78118549e-02 8.06407253e-01 2.75644101e-01
 6.46273014e-03 9.19065686e-01 3.73928186e-03 1.29274582e-01
 6.49137183e-01 9.50239127e-01 9.53441824e-01 9.99984332e-01
 9.96724559e-01 2.01206904e-01 1.29334224e-03 2.80736757e-01
 9.64421863e-01 1.00637362e-03 2.55861246e-05 9.98616061e-01
 7.35830166e-03 1.86844426e-02 9.06180894e-01 9.30247275e-01
 9.17839975e-03 9.99967934e-01 4.51604731e-01 9.98336251e-01
 1.17447176e-02 9.17981244e-05 9.54775425e-02 9.45965160e-01
 6.94061349e-01 8.49496356e-01 9.99990608e-01 2.46941814e-01
 9.97957480e-01 9.14875955e-03 5.57801518e-03 1.14982619e-01
 7.43774971e-01 8.65199462e-01 8.57635680e-02 4.97645462e-01
 9.33963709e-02 2.67896181e-03 2.91565288e-01 1.43422477e-01
 6.02416767e-01 4.55352597e-01 1.57769201e-01 9.23655248e-04
 7.10799757e-01 1.36179975e-02 9.00708483e-01 9.97162928e-01
 8.89615947e-01 7.37351807e-01 9.99899982e-01 6.34512929e-01
 5.11491641e-04 1.28377611e-02 3.60548239e-01 9.00972208e-01
 9.37493763e-01 9.42684179e-01 5.73997517e-03 1.78246216e-02
 9.95396823e-01 9.99979726e-01 5.05431318e-02 4.67589109e-01
 7.62104389e-02 4.59783824e-03 8.25756092e-01 5.61882670e-02
 2.77688047e-05 9.99635882e-01 2.31194906e-01 9.92715431e-01
 9.51320637e-01 1.20986351e-01 3.80556669e-01 7.15468425e-02
 7.79499008e-01 2.68992499e-01 2.86652698e-01 8.94347374e-01
 1.35777041e-02 9.49510811e-01 4.41997045e-01 2.91040542e-02
 9.45749010e-01 2.77802696e-01 1.07892375e-01 1.50579765e-04
 4.11152140e-04 1.13288591e-02 4.08426260e-03 3.88706814e-03
 7.09858544e-01 8.02683839e-02 9.93672703e-01 6.44766368e-02
 9.83027264e-01 1.96520720e-02 2.92623454e-02 1.42223398e-04
 9.16412719e-01 9.57041531e-01 9.87774305e-01 4.81927002e-02
 9.10048404e-01 4.01606809e-01 9.91749119e-01 3.22057332e-01
 9.28366352e-01 4.72474365e-01 9.97338863e-01 2.51517224e-01
 1.38761578e-03 5.32066454e-04 1.08085709e-01 5.51848649e-01
 9.89807516e-01 4.00156800e-02 9.38837198e-02 9.97438543e-01
 5.69955507e-01 8.23689170e-02 9.94758429e-01 8.78481490e-01
 9.76257756e-01 4.98800919e-02 1.89206338e-02 9.73377026e-01
 9.54783249e-02 9.97532994e-01 1.36761287e-01 9.99489081e-01
 6.64644328e-01 1.48492249e-02 5.47507377e-01 9.96940117e-01]action_after_sigmoid:[6.93715862e-01 5.26132093e-01 3.85071368e-01 4.42639550e-02
 8.81889373e-01 9.79383397e-01 1.56317438e-02 2.30054543e-02
 9.46099375e-01 8.53911325e-04 4.30344091e-04 3.58485928e-02
 3.85471427e-01 9.99005343e-01 9.74463553e-01 8.73090560e-02
 9.99486451e-01 5.54663065e-01 9.77707840e-01 9.99925697e-01
 9.41744794e-01 4.42173529e-01 9.79180992e-01 9.97753001e-01
 1.99911081e-02 7.59361790e-01 2.27527189e-01 4.07987037e-01
 9.98900804e-01 1.55991344e-01 5.66299915e-01 5.94059855e-03
 3.30100960e-02 8.57886009e-01 6.14029340e-02 9.99215511e-01
 1.78178782e-02 1.04168091e-01 4.69377703e-01 8.08760295e-02
 2.47154137e-04 8.55331557e-03 9.06539914e-01 8.72826108e-01
 4.09696484e-03 2.49679485e-01 8.72965806e-01 8.35699027e-01
 7.80061518e-01 9.58601998e-01 9.99933321e-01 6.92445344e-01
 9.88878098e-01 6.56861133e-02 9.11750847e-01 9.44007019e-01
 9.86376416e-01 3.94869546e-02 5.11613061e-04 4.91307694e-02
 2.58646234e-03 9.63932704e-01 2.38170218e-01 2.89310530e-01
 9.85006625e-01 9.68393838e-01 9.81476258e-01 1.85069103e-01
 9.93752951e-01 9.00186935e-01 5.78901355e-01 3.58559846e-01
 6.48381465e-01 9.79149868e-01 3.32237872e-03 9.69532794e-01
 8.06771513e-01 9.93174481e-01 1.56454376e-01 3.61500380e-01
 1.01890920e-02 7.35562600e-01 9.81837410e-01 2.44301714e-01
 7.58794284e-02 3.89902499e-01 7.06362891e-01 7.58969558e-01
 3.62781019e-01 9.87310957e-01 3.84063178e-04 5.48376554e-01
 9.81539024e-01 2.12327026e-02 3.96705941e-02 1.77061097e-01
 9.96368612e-01 5.69388942e-01 9.66062924e-01 8.40975327e-01
 8.99174738e-01 9.96468711e-01 9.17909113e-01 9.84541622e-01
 1.32720043e-01 7.05996926e-01 9.92645497e-01 8.35312268e-01
 2.15890599e-01 8.12025086e-01 3.39856586e-03 5.00070507e-01
 7.91532776e-02 3.28717803e-02 5.07726716e-02 4.55228158e-02
 9.80076907e-01 2.71048386e-04 9.42130600e-01 8.89648114e-01
 7.99065957e-01 9.99491959e-01 6.23983965e-03 9.99890078e-01
 7.49865606e-01 9.92799834e-01 9.89554299e-01 9.99080843e-01
 8.28470905e-01 9.97372549e-01 9.95726374e-01 7.38318749e-01
 9.96498543e-01 9.68979469e-01 1.93904642e-01 4.46099689e-01
 9.99094761e-01 3.97086995e-03 2.97462778e-01 3.13854019e-01
 8.86828793e-01 8.08999077e-01 7.18085252e-01 4.24507097e-02
 7.65650634e-02 8.42799561e-01 9.79725155e-01 9.73949293e-01
 6.99662288e-01 9.85628212e-01 9.38194526e-01 9.96808781e-01
 7.69897169e-02 9.39028988e-01 4.22468779e-04 9.56997565e-01
 3.46661961e-03 3.13022571e-01 2.30217946e-03 9.98182270e-01
 9.92662729e-01 2.52604334e-01 6.75399949e-05 1.56029625e-03
 7.75334826e-02 1.72305199e-03 7.41496025e-02 1.46296589e-02
 9.97196221e-01 8.73898101e-02 8.08989666e-01 7.30158861e-03
 4.22272497e-02 2.02389525e-02 1.00608145e-02 1.82335333e-02
 8.59971245e-01 9.88805561e-01 6.88793201e-01 1.38044571e-01
 2.56347957e-01 3.60139682e-02 1.62911392e-01 2.61899108e-01
 3.31742351e-02 5.09564639e-02 9.80503785e-01 9.86749981e-01
 2.19827751e-02 4.40513000e-02 5.34320944e-02 7.59560171e-04
 4.48337632e-03 9.64505216e-01 9.27639270e-01 7.58437594e-02
 3.48351750e-04 8.42611500e-02 4.85235686e-01 1.47977599e-01
 9.73639574e-01 9.99328874e-01 9.92084576e-01 4.86626994e-01
 8.96380382e-02 7.86263801e-01 2.07010259e-01 9.94884335e-01
 9.58746364e-01 8.36923959e-01 1.01087310e-02 5.46338424e-01
 7.85494739e-01 1.74158152e-02 1.18763405e-01 9.99343570e-01
 8.80835427e-02 1.47651210e-01 7.12386558e-01 9.91937657e-01
 3.08796196e-01 9.25521056e-01 4.10869555e-02 9.91253834e-01]action_after_sigmoid:[4.95319517e-01 6.70115257e-01 2.12731660e-01 1.10030217e-02
 5.82752823e-01 7.91760380e-01 6.51087046e-04 1.54080843e-03
 9.97387632e-01 4.43422571e-05 4.74195038e-04 1.23609778e-01
 7.80175209e-02 9.99315627e-01 9.96651705e-01 1.39806638e-01
 9.99332037e-01 2.95450888e-02 9.59792879e-01 9.99992242e-01
 9.58295282e-01 9.91955854e-02 9.85132552e-01 9.97912306e-01
 3.20545116e-01 8.17529942e-01 2.27257367e-01 5.65016299e-01
 9.98841755e-01 8.46067604e-02 1.34148057e-01 3.44154938e-03
 2.04687118e-02 9.90656349e-01 1.12376402e-01 9.99852728e-01
 2.80198477e-02 8.59050381e-03 3.82555563e-01 2.28431632e-01
 1.58599615e-04 5.83176667e-03 9.48947536e-01 8.60809064e-01
 4.85519141e-03 4.67332313e-01 9.50011061e-01 9.87544565e-01
 3.17690736e-01 9.92508440e-01 9.97596959e-01 6.25231906e-01
 9.90464120e-01 3.37584875e-03 9.93541546e-01 2.88938773e-01
 9.80977048e-01 3.33650721e-02 9.17887398e-04 7.58835249e-02
 3.33789442e-04 9.86837400e-01 7.28753848e-02 4.37623800e-01
 9.97459319e-01 7.34347910e-01 9.74673975e-01 2.59289072e-02
 9.22741345e-01 7.73251761e-01 4.87271506e-01 9.83487535e-01
 5.52153950e-01 9.85242164e-01 1.24373993e-04 9.93233672e-01
 2.33577306e-01 9.97217275e-01 4.15807861e-01 5.19689865e-01
 1.59537008e-02 9.64459764e-01 9.53817560e-01 3.60735024e-01
 3.46077407e-01 2.00080818e-01 9.58449302e-01 9.12259538e-01
 3.65233287e-01 8.31638302e-01 6.22899274e-04 3.06746022e-01
 3.15697561e-02 3.31294101e-04 5.78721183e-02 1.25331729e-01
 9.87773654e-01 9.33747822e-01 4.29566956e-01 5.55988335e-01
 9.60678180e-01 9.97600938e-01 7.64938553e-01 9.97904717e-01
 6.71235399e-01 9.50525601e-01 9.99669902e-01 8.90448825e-01
 6.05094384e-01 3.59559254e-01 1.83106692e-02 8.76292282e-01
 2.86858526e-02 3.09864935e-03 2.33936114e-03 3.73130807e-02
 9.42968067e-01 3.06915934e-04 9.96100252e-01 8.01298223e-01
 3.64000338e-01 9.99727888e-01 2.12943979e-04 9.99218766e-01
 2.96276873e-02 9.98647591e-01 9.99160084e-01 9.99529474e-01
 2.83431399e-01 7.01923302e-01 9.96737310e-01 9.25758205e-01
 6.87467400e-01 9.82878151e-01 9.14642822e-01 8.93637794e-02
 9.87675944e-01 3.13787834e-04 7.02133689e-03 1.39178181e-01
 8.13361678e-01 9.48832923e-01 5.88346691e-01 1.34733908e-01
 9.92651879e-02 9.63313416e-01 9.99373584e-01 9.58317824e-01
 1.27548427e-01 5.32884713e-01 8.69328707e-01 9.98849845e-01
 4.32214510e-02 9.83310469e-01 6.27619330e-06 9.04239461e-01
 2.13477041e-02 7.15470622e-02 4.34028393e-03 9.97750511e-01
 8.31432192e-01 3.47855266e-01 1.17485408e-04 1.07122237e-04
 3.03379317e-02 1.20833143e-02 8.05059754e-02 9.43528873e-02
 9.99794231e-01 4.78358067e-02 7.44299122e-01 2.10619821e-03
 1.15897177e-02 9.18010007e-03 7.24335132e-04 1.19587879e-01
 3.21936304e-01 9.20390813e-01 7.40141030e-01 3.64178922e-02
 7.03813041e-02 1.86981656e-02 3.85238853e-01 2.67196962e-01
 1.59332351e-01 3.32971648e-01 9.66433543e-01 9.65866772e-01
 8.80764991e-02 1.72795872e-03 4.88306501e-02 3.13442441e-03
 3.20519091e-03 4.82854858e-01 6.24365799e-01 2.03131160e-01
 6.36966447e-03 1.90417914e-02 9.28152980e-01 1.27723699e-01
 9.48720194e-01 9.99967206e-01 9.91841259e-01 2.75095821e-01
 2.71540700e-01 7.61958078e-02 1.13027864e-01 9.99218034e-01
 9.59089458e-01 9.48000421e-01 3.73857740e-02 6.26354572e-01
 7.77676841e-01 2.20058942e-03 4.20319898e-02 9.99465390e-01
 4.35752060e-01 4.30215736e-02 7.31886192e-01 8.68670780e-01
 8.70641658e-02 9.80793791e-01 9.49151280e-01 9.97459105e-01]action_after_sigmoid:[6.13507882e-01 6.56228452e-01 1.46747658e-01 5.40038771e-03
 8.58699254e-01 8.54241395e-01 1.77398669e-03 4.43206073e-03
 9.97621067e-01 1.39911697e-04 4.68603508e-03 1.52986024e-01
 2.41053118e-01 9.99693659e-01 9.97079132e-01 1.31890804e-02
 9.98091150e-01 2.67259589e-02 9.68787547e-01 9.99988342e-01
 9.88305188e-01 2.07153990e-01 9.15331882e-01 9.99405096e-01
 2.70733564e-01 8.66441641e-01 3.87077084e-01 4.39910499e-01
 9.99192549e-01 5.64244525e-02 9.56522302e-02 1.62928314e-02
 8.23442789e-03 9.85365645e-01 6.94578593e-01 9.99973021e-01
 2.01145547e-02 3.45385169e-03 1.95390279e-01 8.23166513e-01
 3.91520597e-04 8.61378870e-03 9.93099042e-01 9.20395995e-01
 6.33389614e-03 1.51310934e-01 9.76915984e-01 9.83673852e-01
 2.00844693e-01 9.85017656e-01 9.94034938e-01 7.27816997e-01
 9.83961380e-01 6.56622817e-04 9.35605854e-01 6.97261494e-02
 9.88512208e-01 1.28622410e-01 5.80515938e-04 7.82841244e-02
 1.29531764e-03 9.95667365e-01 8.06686651e-02 2.53732774e-01
 9.95994176e-01 8.94237592e-01 9.80525323e-01 9.68549841e-03
 9.81213198e-01 9.66994671e-01 5.19692666e-01 9.98216077e-01
 6.31668484e-01 9.02824378e-01 1.96688337e-04 9.71148319e-01
 6.03361114e-01 9.99068652e-01 2.08416784e-01 3.46225087e-01
 8.37613092e-03 9.44075853e-01 9.68057336e-01 4.21268512e-02
 7.14858877e-01 1.00765706e-01 9.80215780e-01 9.67367365e-01
 5.94586648e-01 6.43805650e-01 1.13418415e-03 4.84162238e-01
 3.50212076e-02 1.16011737e-03 9.25542457e-03 2.79332405e-01
 9.31759531e-01 9.88192634e-01 6.15977389e-01 9.28613635e-01
 9.75099958e-01 9.93728867e-01 9.06676128e-01 9.99478202e-01
 1.92384475e-01 9.51247786e-01 9.99802996e-01 6.38029523e-01
 4.05534924e-02 1.99022667e-01 1.39925656e-01 8.83294116e-01
 1.30029545e-01 3.59744257e-03 2.05843498e-03 5.80010476e-02
 9.88576853e-01 9.66875486e-03 9.96952836e-01 6.60766828e-01
 9.89581785e-02 9.99786452e-01 1.11148293e-04 9.96806218e-01
 5.62046931e-02 9.96885652e-01 9.99145959e-01 9.99740980e-01
 5.08565445e-02 6.30892557e-01 9.99059360e-01 6.61260588e-01
 8.39301759e-01 9.65811219e-01 8.06129136e-01 8.03230891e-02
 9.56774162e-01 1.07045123e-03 2.28449252e-03 1.89307899e-02
 9.56330075e-01 9.92980342e-01 8.86136562e-01 5.04707418e-01
 2.18549258e-02 8.94198712e-01 9.99574942e-01 8.53517314e-01
 4.25241064e-01 3.68618934e-01 6.68590039e-01 9.98430391e-01
 9.77993213e-03 9.63876843e-01 3.28905342e-06 9.02391393e-01
 8.13782371e-02 3.08981192e-02 2.32392960e-03 9.95550150e-01
 8.59822521e-01 3.62485347e-01 9.98777376e-05 1.27571336e-04
 3.53506972e-03 2.06646972e-02 1.16994851e-01 1.16853129e-01
 9.99791941e-01 1.84828195e-01 9.48107011e-01 4.95468125e-03
 6.75992996e-02 2.69312761e-03 1.46463288e-03 1.26304525e-01
 4.62221681e-01 9.45967840e-01 2.28579326e-01 1.72286349e-02
 2.53843477e-01 9.60535541e-03 1.95991118e-01 3.81828703e-02
 6.32353936e-02 2.83492510e-01 9.60807011e-01 9.75312715e-01
 2.11286793e-01 1.19192688e-04 8.15505886e-02 4.42287649e-02
 1.57655126e-03 5.47089600e-01 4.41536290e-01 2.85024297e-02
 2.14079587e-03 1.17045376e-02 9.92830711e-01 3.55046108e-01
 9.95420142e-01 9.99932366e-01 9.95010255e-01 2.57456995e-01
 6.11812768e-01 2.52499574e-01 9.31041341e-02 9.99206611e-01
 8.65173149e-01 8.08628788e-01 1.86417806e-02 3.94295705e-01
 4.77008661e-01 2.34705803e-03 9.65405185e-02 9.99203301e-01
 1.33843579e-02 2.78168125e-02 2.64838784e-01 6.48094506e-01
 5.43269004e-01 9.73908543e-01 8.15378441e-01 9.97841722e-01]action_after_sigmoid:[8.57114401e-01 7.99576488e-01 2.21563578e-01 2.12303382e-02
 8.25799704e-01 7.45498815e-01 1.21927877e-03 1.41564818e-03
 9.93200395e-01 5.76608719e-04 7.93415773e-03 2.92577959e-01
 8.45598938e-02 9.99177369e-01 9.99226109e-01 1.70173860e-02
 9.99140062e-01 1.03732804e-02 9.66840721e-01 9.99991407e-01
 9.90948919e-01 7.41096165e-02 5.30965808e-01 9.99329950e-01
 2.82272708e-01 9.74899767e-01 2.48896411e-01 3.91261545e-01
 9.99776779e-01 3.27889337e-01 1.15837833e-01 3.64741817e-03
 2.19604335e-02 9.72965613e-01 5.76880878e-01 9.99900630e-01
 2.56068518e-02 3.63322883e-02 3.12143705e-01 7.46065242e-01
 2.55825623e-04 1.35593557e-02 9.94582286e-01 8.50048285e-01
 3.34799614e-03 5.02713696e-01 9.92637866e-01 9.90725303e-01
 1.48354680e-01 9.96986115e-01 9.96104816e-01 5.91389345e-01
 8.89016635e-01 1.89214654e-04 9.20960838e-01 1.70891529e-02
 9.90942973e-01 1.75542044e-01 2.89727402e-04 4.71157331e-02
 1.73563404e-03 9.85287244e-01 5.93724731e-02 4.68632946e-01
 9.88100479e-01 5.55906245e-01 9.76998346e-01 4.60231409e-03
 9.84712442e-01 9.94861213e-01 5.27109502e-01 9.98229780e-01
 8.93885581e-01 8.45634747e-01 2.52582558e-04 9.78621631e-01
 3.35458939e-01 9.99825856e-01 3.83501891e-01 5.80491093e-01
 2.41476758e-03 9.85104885e-01 9.53315136e-01 4.59162905e-02
 6.54969295e-01 3.07117185e-01 9.61025744e-01 9.21551229e-01
 1.85452045e-01 5.93869562e-01 5.19187798e-04 1.97496432e-01
 1.57585292e-01 3.48260340e-03 1.45650613e-03 1.74637466e-01
 9.03435027e-01 9.78784014e-01 3.96909948e-01 9.63207340e-01
 9.51958237e-01 9.96263770e-01 7.83725716e-01 9.99903414e-01
 4.02813691e-01 9.81644416e-01 9.99643127e-01 4.76258465e-01
 3.41666636e-02 7.84272486e-02 2.61564797e-01 3.46358863e-01
 1.92550303e-01 2.47412785e-03 2.04944511e-03 1.28599206e-01
 9.85254991e-01 2.01381641e-02 9.87207072e-01 2.79330136e-01
 3.14842825e-01 9.99546753e-01 9.29988656e-05 9.96457375e-01
 1.09279175e-02 9.96120810e-01 9.98997803e-01 9.99903938e-01
 3.76764069e-02 4.52556104e-01 9.99813176e-01 6.58905607e-01
 6.58784315e-01 9.07815436e-01 9.32528276e-01 1.21414937e-01
 9.91546822e-01 7.50954873e-04 3.45297711e-03 2.34903972e-02
 9.79072839e-01 9.96056643e-01 6.55843608e-01 7.19359597e-01
 3.57019676e-02 8.97674185e-01 9.97080198e-01 9.61934537e-01
 4.43022570e-01 7.20601733e-01 2.46863126e-01 9.98625220e-01
 1.53770313e-02 9.62688024e-01 1.32025620e-06 9.47039661e-01
 4.86358624e-01 3.23317398e-02 6.80317361e-04 9.93429012e-01
 8.17549512e-01 2.97519327e-01 1.62178603e-04 7.99713228e-05
 5.78171809e-03 6.59462433e-02 2.25845966e-01 1.66328020e-01
 9.99852517e-01 2.72832088e-02 7.33767789e-01 1.14824402e-03
 7.88176510e-02 4.12233943e-03 1.05408680e-03 3.88893603e-02
 5.94761283e-01 7.76455805e-01 2.54691040e-01 8.48999016e-03
 1.79640382e-01 1.31024635e-02 1.15952876e-01 3.32569373e-02
 6.42395889e-02 5.66873810e-01 9.41043213e-01 9.28244535e-01
 3.14388466e-01 6.21867132e-04 6.64448366e-02 5.33602458e-02
 4.48635463e-03 3.25873490e-01 4.51798267e-01 1.18475051e-01
 2.47113937e-03 7.79259400e-03 9.89512651e-01 2.40643413e-01
 9.88131204e-01 9.99860940e-01 9.90470712e-01 4.78248892e-01
 7.79982513e-01 2.56604204e-01 1.76000759e-01 9.99698465e-01
 9.35457569e-01 4.80660600e-01 8.56151638e-02 1.96337508e-01
 3.88638999e-01 8.48029790e-04 7.81208489e-02 9.99649202e-01
 5.64140268e-03 5.30830647e-02 4.11879758e-01 7.52639475e-01
 6.58597832e-01 9.97355718e-01 7.23445115e-01 9.94807901e-01]action_after_sigmoid:[3.21858782e-01 4.78564046e-04 1.85411072e-01 4.49116531e-01
 1.81516094e-01 8.22576238e-01 1.23940912e-01 7.49206506e-04
 1.76989716e-02 4.66965192e-01 4.68405492e-02 3.39142552e-02
 9.98729532e-01 9.50786949e-01 9.89315757e-01 1.11199917e-03
 2.12075406e-03 2.15890355e-03 7.98666814e-01 4.53821219e-03
 1.30277295e-02 9.92343036e-01 5.83977249e-03 1.14763332e-03
 9.48780797e-01 3.60471563e-01 5.55237897e-01 4.63911578e-02
 5.80374459e-02 1.26272485e-01 9.50134048e-01 8.54110318e-03
 7.16891099e-01 4.77436065e-01 5.77861798e-02 2.12306346e-01
 4.59952869e-01 2.71909511e-01 1.88688117e-01 3.43841955e-01
 8.34138699e-01 2.73690364e-01 9.78179120e-01 9.79070963e-01
 9.75542268e-01 8.50645817e-01 9.83383642e-01 2.80729391e-01
 8.62773797e-03 1.14555777e-04 1.45205857e-01 3.19890443e-01
 6.62668954e-01 2.49828123e-02 9.97092050e-01 1.03291769e-01
 9.36330669e-01 9.99829404e-01 6.30760773e-01 1.46238995e-01
 3.79957635e-02 4.79726807e-01 2.21475610e-01 3.49044568e-01
 9.63020765e-01 8.36192551e-01 9.96833770e-01 4.47102251e-01
 8.40883071e-01 9.82164766e-01 1.87554677e-01 8.77797620e-01
 1.85611061e-01 8.14879560e-03 3.30811414e-01 8.63272440e-01
 9.99747775e-01 9.77027263e-01 9.62826309e-01 8.45160804e-04
 2.83631687e-03 9.86837882e-01 3.80412860e-01 9.99781195e-01
 6.91744516e-03 1.96252351e-02 2.14974177e-03 5.04516306e-01
 7.10351516e-01 4.90936189e-01 9.24104222e-01 1.25009046e-01
 4.03909795e-03 1.63649257e-02 9.44693682e-01 5.90629811e-01
 1.36143085e-02 3.27595491e-01 6.80441830e-01 6.54097260e-01
 5.88607289e-01 4.12675480e-01 4.74327580e-01 3.00764164e-02
 9.54073350e-01 2.57308072e-01 9.96442168e-01 8.65379880e-01
 5.30435281e-01 9.27054111e-01 7.20650514e-01 9.73436798e-01
 4.41475269e-01 3.04604806e-01 9.56884539e-01 3.88842090e-02
 9.81481896e-01 7.06669581e-01 2.92368076e-02 2.29924040e-01
 5.53821044e-01 9.98535872e-01 9.96101446e-01 8.71892337e-02
 9.17915984e-02 9.99870679e-01 9.42530098e-01 1.38559367e-01
 1.13543092e-02 8.03505022e-01 4.20903056e-01 2.06669415e-03
 2.68383652e-01 9.97652446e-01 8.71927382e-01 8.92491418e-01
 4.15480675e-02 8.74941164e-01 9.88382714e-01 6.98139072e-01
 8.20401460e-01 8.61997588e-03 9.59081954e-01 9.40176987e-01
 4.89577220e-02 9.96741048e-01 9.91246519e-01 5.39428927e-01
 9.83685184e-01 4.61103911e-01 1.46754025e-01 1.49425026e-01
 3.93113938e-02 2.87924248e-02 4.36892286e-02 9.80530165e-01
 6.47447259e-01 9.91783840e-01 9.08505214e-01 8.73897856e-01
 3.95526648e-01 3.73482863e-04 7.07122756e-02 6.78983886e-03
 3.31908987e-01 4.12018922e-04 2.04311555e-03 9.86073498e-01
 9.52564444e-01 9.66623267e-01 9.99938466e-01 9.61667987e-03
 2.42096070e-01 3.42581508e-03 1.17325640e-04 9.92421815e-01
 9.46599789e-03 1.96038936e-01 1.46257279e-02 9.77609483e-01
 9.99374569e-01 5.66689769e-02 9.16983007e-01 9.30601632e-01
 3.67144140e-03 4.25373653e-03 7.33419996e-01 9.26736145e-04
 1.08758064e-03 4.29783740e-01 1.47584956e-02 1.84581868e-02
 5.25867740e-01 8.91650358e-01 6.20755040e-02 8.48979137e-02
 6.03889767e-01 2.25431664e-01 9.67743022e-01 1.16460327e-01
 9.98244487e-01 5.01227344e-01 9.75090219e-01 6.14957197e-02
 2.53145836e-01 9.94969135e-01 3.17961159e-02 9.93088723e-01
 3.40495431e-04 4.49970665e-02 9.26490085e-02 6.58967047e-01
 6.79952184e-01 6.33052985e-04 9.80046721e-01 2.09128930e-03
 8.82253397e-01 5.51736440e-01 9.97233147e-01 6.21420977e-02
 6.07980921e-02 9.84570681e-01 9.29153400e-02 2.14913810e-02]action_after_sigmoid:[5.19890522e-01 2.65767952e-04 1.39078940e-01 1.68039518e-01
 2.08537806e-01 8.30862512e-01 3.24148163e-02 5.98617480e-04
 7.97548308e-02 7.39821098e-01 3.54457491e-02 1.62768808e-02
 9.97855708e-01 9.82508823e-01 4.19282037e-01 5.91926675e-04
 2.63115105e-03 4.17250114e-04 7.04929218e-01 4.13885291e-03
 8.36598210e-03 9.97476858e-01 4.17327769e-02 5.38393213e-03
 5.18013065e-01 1.40819934e-01 2.27666820e-01 4.21183365e-01
 7.12906782e-01 1.99025217e-01 9.57498933e-01 6.29571077e-02
 9.50809267e-01 8.79924662e-01 1.06453837e-02 3.88825192e-02
 4.08312241e-01 7.24705060e-01 1.59335535e-02 1.68561784e-01
 8.49582424e-01 9.27391730e-01 9.99994190e-01 9.89556220e-01
 8.77520584e-01 1.62311570e-01 8.45532868e-01 2.84478461e-02
 1.51102198e-02 1.91692139e-03 6.34934480e-01 1.05504843e-02
 9.32305928e-01 1.59125799e-02 9.93857534e-01 4.20059010e-02
 8.35692876e-01 9.99489368e-01 9.56051219e-01 9.69156397e-01
 8.18279505e-01 9.63527138e-01 4.86426760e-01 5.09180905e-01
 9.61055922e-01 8.28364623e-01 9.99329059e-01 9.02200775e-01
 1.07439170e-01 9.95738039e-01 3.08853793e-01 9.40216958e-01
 2.54329796e-01 2.59251377e-02 7.97710182e-01 8.93245517e-02
 9.98757161e-01 9.97641430e-01 9.77117018e-01 8.79469613e-04
 6.16997114e-05 9.98841102e-01 2.62166841e-01 9.99880603e-01
 2.27667334e-02 1.09345649e-03 5.54102388e-03 3.75743325e-01
 5.24877339e-01 6.45306289e-02 9.79950066e-01 4.21751246e-02
 2.60357531e-03 2.13636988e-01 9.94157719e-01 9.94013793e-01
 3.01647212e-03 8.79762025e-01 9.76578834e-01 8.24259841e-01
 1.48670836e-01 2.11709589e-01 9.53142205e-01 2.32852030e-01
 7.00056239e-01 6.60668185e-01 9.97381940e-01 9.81323395e-01
 5.02528861e-01 3.36724323e-01 9.93860627e-01 4.61663568e-01
 1.11007223e-01 1.43680739e-01 9.90600849e-01 3.60136046e-02
 9.99856395e-01 7.70627832e-01 2.76170710e-02 4.14345101e-01
 3.79239473e-01 9.97983844e-01 9.97059523e-01 1.45571393e-01
 2.69332788e-02 9.99921065e-01 9.68020359e-01 6.04586125e-01
 2.63441523e-03 9.76287602e-01 7.50056459e-01 6.19502352e-02
 3.95828175e-01 9.97373576e-01 9.66143428e-01 8.77846967e-02
 1.41772376e-01 7.96240589e-01 9.50336794e-01 9.00380152e-01
 6.92610371e-01 4.84026662e-03 7.91973345e-01 9.97215356e-01
 4.17196961e-02 9.97793462e-01 9.98359727e-01 3.64387674e-01
 9.85701146e-01 4.40182218e-01 2.30388236e-01 9.87299829e-02
 1.76425254e-01 8.42147128e-02 1.02586017e-01 9.99885673e-01
 9.81457354e-01 9.79901843e-01 9.00973436e-01 8.01549407e-01
 3.84594203e-01 2.17641918e-04 2.99337902e-02 2.73099979e-02
 4.03134014e-02 1.41913339e-03 1.56104611e-03 7.27974157e-01
 9.42565516e-01 9.97692521e-01 9.99854057e-01 6.78854334e-03
 6.71733383e-01 2.54651664e-02 3.68841668e-04 9.98930278e-01
 2.23071186e-02 1.72389637e-01 2.54564099e-01 9.68571834e-01
 9.97931621e-01 1.11611992e-02 9.46234053e-01 7.58730375e-01
 4.79923559e-03 8.07556362e-02 4.55841491e-01 1.61504668e-04
 3.01532882e-05 7.96859662e-01 1.33038205e-01 9.57208531e-03
 2.59660317e-01 8.78617104e-01 5.11252493e-02 5.23100317e-01
 8.05468087e-01 6.98247667e-01 9.68909792e-01 9.56912579e-02
 9.99812460e-01 3.09806878e-01 9.99813382e-01 8.82226465e-02
 8.31776116e-01 9.99949338e-01 6.94954420e-02 2.26008382e-01
 1.03007286e-03 2.64731122e-03 1.17808400e-02 9.80353830e-01
 2.64591671e-01 2.30263502e-03 9.83593165e-01 5.15899637e-03
 4.88192880e-01 7.20540920e-01 9.99779414e-01 2.14037228e-02
 3.49666016e-02 8.44253830e-01 1.77109964e-02 2.04485779e-02]action_after_sigmoid:[6.40100675e-01 8.07623684e-04 2.50725476e-01 4.10891117e-01
 5.05945362e-01 9.93078816e-01 3.46784809e-02 1.22423678e-03
 5.77982200e-02 5.54432055e-01 1.17945153e-02 6.47864083e-03
 9.98528080e-01 9.37494234e-01 1.48791696e-01 1.09613471e-03
 3.35875187e-03 1.80079240e-03 6.67149231e-01 5.71540918e-04
 5.48974597e-03 9.96261880e-01 6.73179482e-02 1.49864190e-02
 8.62367471e-01 4.32856952e-01 1.68758004e-01 7.89303492e-01
 5.74392077e-01 3.79280715e-02 8.23763370e-01 4.15366557e-01
 7.87202487e-01 9.52483892e-01 1.87498288e-02 5.10833862e-02
 2.40652499e-01 9.57850814e-01 8.27922892e-03 7.49988679e-01
 9.11561728e-01 9.44238355e-01 9.99979931e-01 9.89419947e-01
 9.80485916e-01 1.58956938e-03 9.14927981e-01 9.04289861e-02
 1.30054673e-02 3.13125100e-03 5.56169469e-02 2.08840709e-02
 9.80063081e-01 3.08256906e-02 9.92353619e-01 8.71202224e-03
 8.98846218e-01 9.99603479e-01 9.65421976e-01 9.92251722e-01
 8.99672215e-01 9.84643428e-01 4.65283147e-01 4.26725312e-01
 8.94888201e-01 1.50123895e-01 9.99396999e-01 9.75759235e-01
 2.69855301e-01 9.92574830e-01 5.41165288e-01 9.67887663e-01
 7.54786627e-02 2.24049186e-02 8.93841588e-01 2.39636337e-01
 9.98220149e-01 9.99262509e-01 9.87891637e-01 2.94668458e-04
 1.01739880e-03 9.99634779e-01 1.98195353e-01 9.99925117e-01
 7.81140457e-02 3.43621740e-04 1.60615169e-04 6.96061907e-01
 2.93332136e-01 2.81302738e-01 9.52025015e-01 9.07593353e-02
 1.02904530e-02 7.51055825e-02 9.94893831e-01 9.43989510e-01
 3.65993486e-04 8.76343776e-01 9.56661683e-01 7.51886414e-01
 3.60491763e-01 1.76097412e-01 9.56617673e-01 2.44895219e-01
 3.32315411e-01 4.85111656e-01 9.99566379e-01 9.90157577e-01
 3.95035757e-01 1.76070430e-01 9.97655657e-01 4.71248800e-01
 6.26311889e-02 5.72701430e-02 9.53551454e-01 7.07114411e-02
 9.98982467e-01 5.57922052e-01 1.03146125e-02 6.95899264e-02
 6.74272365e-01 9.96622025e-01 9.83035664e-01 1.48695334e-01
 2.22764930e-02 9.99781760e-01 9.57243488e-01 7.28229661e-01
 8.80201389e-04 9.19718451e-01 9.13765536e-01 6.66260522e-02
 4.41358800e-02 9.95431087e-01 9.50703166e-01 3.28277337e-01
 1.55436081e-01 7.71662802e-01 9.93289592e-01 6.36717774e-01
 6.53023604e-01 6.35478176e-03 9.88700692e-01 9.99457345e-01
 7.86310535e-02 9.99128808e-01 9.71412518e-01 1.32552923e-01
 9.82166719e-01 3.11310977e-01 1.27362039e-01 2.35810483e-01
 8.45675358e-01 5.01466126e-02 2.48530611e-02 9.99935673e-01
 9.82829705e-01 9.17461373e-01 8.86110528e-01 8.51461105e-01
 3.06408746e-01 4.36688433e-06 1.16383365e-01 3.79344381e-02
 4.68171470e-02 1.12951487e-02 6.77021856e-03 8.04498970e-01
 9.37357860e-01 9.98424145e-01 9.99914112e-01 2.36528293e-02
 9.53537966e-01 1.64430779e-02 2.19888786e-05 9.95705829e-01
 2.33952888e-02 5.03803537e-01 7.77520209e-01 9.54509964e-01
 9.96089551e-01 3.36945972e-02 8.26717386e-01 8.21280521e-01
 1.21282681e-02 3.40178628e-01 6.34782316e-01 4.07702715e-04
 2.49141678e-05 6.05779175e-01 2.26078173e-01 4.05846252e-03
 4.22210317e-01 6.57270397e-01 1.48184996e-02 9.37443213e-01
 9.65413491e-01 8.38897271e-01 9.20921072e-01 5.40719450e-01
 9.99721410e-01 6.92609985e-01 9.97714131e-01 1.69663652e-01
 3.83110246e-01 9.99972252e-01 4.43248256e-02 6.51481471e-01
 5.00736159e-04 1.32411140e-02 5.60624160e-03 9.38867236e-01
 1.74588704e-01 9.86676198e-03 9.85243182e-01 3.11308119e-03
 7.10176439e-01 6.08437954e-01 9.99708319e-01 5.39800740e-02
 4.72368683e-02 5.32860561e-01 6.87040611e-03 6.03180617e-02]action_after_sigmoid:[3.60629088e-01 1.63153564e-03 4.49897480e-01 1.79468188e-01
 6.16763427e-01 9.97357166e-01 4.78004846e-02 1.10397216e-03
 3.80766819e-02 1.57166066e-01 2.18365914e-02 3.71119542e-02
 9.96911929e-01 8.35829757e-01 4.76843095e-01 8.68701661e-04
 3.43730676e-03 5.27292368e-04 4.26441265e-01 3.73582057e-04
 1.86852856e-02 9.96999209e-01 2.54983180e-01 3.92710032e-03
 9.17308934e-01 1.32972139e-01 2.41727987e-01 8.37963582e-01
 6.97605635e-01 1.52391915e-01 8.39422731e-01 6.46274964e-01
 5.50103714e-01 8.81543911e-01 1.31617885e-02 7.97704797e-03
 3.35935080e-01 8.96308602e-01 1.81600758e-02 9.47910390e-01
 9.26450499e-01 9.70956081e-01 9.99986784e-01 9.89939123e-01
 9.79405035e-01 4.16443441e-03 9.48515828e-01 2.61940184e-02
 5.56590923e-02 1.85489731e-03 2.99754873e-02 4.77787651e-02
 9.42940365e-01 1.09440093e-02 9.75835323e-01 5.72669952e-03
 8.25005168e-01 9.99191459e-01 9.66983399e-01 9.98595886e-01
 5.08323004e-01 9.57534431e-01 7.65802670e-01 3.23572225e-01
 9.54060302e-01 2.59549222e-01 9.99788199e-01 9.54096592e-01
 2.11005074e-01 9.92848248e-01 6.34936451e-01 9.89650776e-01
 3.68803971e-02 3.88998690e-02 9.49019640e-01 6.44924864e-01
 9.99243235e-01 9.99167240e-01 9.87878216e-01 2.98814474e-04
 1.38395011e-03 9.99571203e-01 3.63253784e-02 9.99947660e-01
 2.06317745e-01 8.59829164e-04 2.07604403e-04 5.98890776e-01
 7.77524893e-01 4.23412382e-01 9.70460266e-01 3.63963701e-02
 6.64927779e-03 2.77566364e-02 9.84027056e-01 9.72649743e-01
 2.79130802e-04 7.43431103e-01 9.56043554e-01 7.19580971e-01
 1.81483044e-01 1.13868844e-01 8.79350885e-01 3.14736817e-01
 1.19057330e-01 2.78759791e-01 9.96398855e-01 9.94187000e-01
 3.79095578e-01 2.35774295e-01 9.86341352e-01 9.96908998e-02
 5.19718840e-02 2.32965494e-01 9.84590408e-01 1.69376891e-01
 9.99468432e-01 5.51706866e-01 1.81107290e-02 6.84444976e-02
 5.51662565e-01 9.97332158e-01 9.65188682e-01 9.47762503e-02
 5.70967506e-02 9.99922506e-01 9.92535772e-01 5.81442730e-01
 6.51304302e-04 8.37078336e-01 9.74025161e-01 1.35206470e-01
 4.87885452e-02 9.93766053e-01 9.08530797e-01 4.21854545e-01
 5.69696032e-01 4.43704544e-01 9.99198132e-01 7.74454814e-01
 3.37122376e-01 1.56810902e-02 9.91673633e-01 9.98979293e-01
 2.33143180e-02 9.99198194e-01 9.77955763e-01 5.91696390e-02
 9.94281052e-01 6.05848871e-01 3.03108903e-01 1.68676278e-01
 9.44039062e-01 4.33870190e-02 5.20901515e-02 9.99890980e-01
 9.55771076e-01 8.33216105e-01 9.01753957e-01 8.70683193e-01
 2.25190239e-01 3.30829984e-06 5.17813375e-01 4.36029158e-02
 8.35060872e-02 4.61970637e-03 1.74448436e-03 8.38146364e-01
 8.99117244e-01 9.99452384e-01 9.99966484e-01 8.88676808e-03
 8.94530461e-01 5.82215599e-02 3.49403339e-06 9.97181600e-01
 3.70044106e-02 1.76088437e-01 8.47838423e-01 8.86274608e-01
 9.99113418e-01 5.39965855e-02 8.33584926e-01 8.91292792e-01
 1.06542194e-02 2.88362673e-01 6.24102555e-01 7.23338355e-04
 3.48123387e-05 4.76128793e-01 3.61715333e-02 4.81965527e-03
 7.64418515e-01 7.32540511e-01 1.84880824e-02 9.22879451e-01
 8.97596106e-01 9.17966299e-01 9.78159731e-01 2.51503379e-01
 9.99355787e-01 7.82155084e-01 9.99590423e-01 2.36438949e-01
 4.14791353e-01 9.99976187e-01 7.29889216e-02 5.42612095e-01
 6.58325890e-04 5.93869612e-03 1.23813666e-03 9.44362686e-01
 6.64091401e-01 1.91952682e-02 9.92601313e-01 8.78810131e-03
 9.06585239e-01 6.17523969e-01 9.99873726e-01 9.21642136e-03
 1.94144055e-02 9.23480387e-01 1.24905991e-02 1.69253958e-01]action_after_sigmoid:[4.87679458e-01 6.23993708e-03 1.88828621e-01 2.48213880e-01
 7.24977258e-01 9.98898876e-01 4.06852506e-02 3.42149395e-03
 7.27675126e-02 6.96934541e-02 1.21223567e-02 6.31787724e-02
 9.98965605e-01 7.60820649e-01 7.37979955e-01 4.33716640e-04
 4.27458244e-03 2.50106872e-04 3.48717602e-01 2.03750785e-03
 1.20185160e-02 9.89683514e-01 4.19895392e-01 2.88967029e-03
 9.40432573e-01 2.20312692e-01 1.63082444e-01 8.30450691e-01
 7.83013096e-01 3.81867298e-01 5.48048381e-01 7.87359737e-01
 3.42707622e-01 7.76149098e-01 2.46150564e-02 1.74630820e-02
 3.47622131e-01 8.93924588e-01 1.73769170e-02 9.81944495e-01
 9.65010331e-01 9.57490559e-01 9.99993893e-01 9.85622841e-01
 9.95313182e-01 1.05044542e-03 7.70059117e-01 6.38339748e-02
 8.19951280e-02 4.48055384e-04 2.44464316e-02 2.41970128e-02
 8.89903944e-01 3.62793514e-02 9.82823999e-01 6.72235877e-03
 7.66377610e-01 9.95985943e-01 9.78008710e-01 9.98971155e-01
 4.04792672e-01 9.64409376e-01 7.13854446e-01 3.30961483e-01
 9.32425626e-01 4.08096996e-01 9.99861698e-01 9.79042840e-01
 2.66380431e-01 9.92039173e-01 3.49694323e-01 9.30441596e-01
 2.24266335e-02 1.69476601e-02 7.75195362e-01 4.69792062e-01
 9.99880886e-01 9.99541088e-01 9.82993809e-01 4.41900114e-04
 4.64592884e-04 9.99418212e-01 1.84614054e-02 9.99961949e-01
 2.13508977e-01 8.66491916e-04 4.07701173e-04 8.15445695e-01
 7.84138426e-01 5.33111495e-01 9.85316042e-01 2.11760587e-02
 1.47608630e-03 1.78157760e-02 9.70927519e-01 9.80887378e-01
 1.37063137e-04 6.44468804e-01 7.13830421e-01 7.88111132e-01
 8.26498824e-02 6.49954249e-02 8.27668896e-01 1.18969217e-01
 8.85423074e-02 8.88017093e-02 9.97016871e-01 9.96263817e-01
 1.88015369e-01 3.21557470e-01 9.96138647e-01 1.19474839e-01
 5.51884313e-02 1.60884403e-01 9.69884869e-01 8.62193055e-02
 9.99820057e-01 7.49410171e-01 2.86094423e-02 3.23637465e-02
 6.41183238e-01 9.97150405e-01 9.70863167e-01 1.20629621e-01
 1.46149209e-01 9.99963641e-01 9.90083180e-01 2.80956872e-01
 4.14444693e-04 8.70827529e-01 9.48119693e-01 4.57825596e-02
 4.32395092e-02 9.96374804e-01 9.84495427e-01 3.08545071e-01
 7.03951637e-01 4.25196274e-01 9.99657288e-01 4.23683676e-01
 7.95516884e-01 4.45117663e-03 9.96137701e-01 9.98508065e-01
 9.71809070e-03 9.99114237e-01 9.42714965e-01 3.39850153e-01
 9.97922526e-01 6.19194083e-01 1.58770904e-01 1.53075179e-01
 9.59535701e-01 3.83870566e-02 1.51098555e-01 9.99851206e-01
 9.75774741e-01 9.34377798e-01 9.31501584e-01 9.50668736e-01
 2.24286595e-01 1.87933914e-06 7.86470850e-01 5.21851527e-02
 1.15211363e-01 1.70164646e-03 2.76647079e-03 5.94194732e-01
 8.23282848e-01 9.99003568e-01 9.99961273e-01 6.19290830e-03
 9.36099655e-01 2.53439592e-02 2.42458738e-06 9.97923757e-01
 2.40750656e-02 2.22489466e-01 8.91371933e-01 9.25391250e-01
 9.99786904e-01 3.64643831e-02 5.40103375e-01 8.77947184e-01
 3.74314351e-02 3.10420177e-01 7.57989909e-01 3.67213863e-04
 5.83978637e-05 3.76866495e-01 1.61770650e-02 2.51351548e-03
 6.20577687e-01 8.74003873e-01 3.50224512e-03 9.43711368e-01
 7.65611110e-01 9.69690843e-01 9.74054028e-01 7.15410776e-02
 9.98627998e-01 8.85878608e-01 9.99110122e-01 1.61615962e-01
 4.58431932e-01 9.99990119e-01 1.03230319e-01 7.71015893e-01
 1.54063529e-03 3.57902348e-03 5.57269207e-04 9.77316810e-01
 5.78370484e-01 1.66850101e-02 9.51328880e-01 1.13085492e-02
 9.44514705e-01 7.60678941e-01 9.99844724e-01 1.30449378e-02
 2.49714605e-02 9.07853986e-01 2.75642778e-03 1.69889211e-01]action_after_sigmoid:[6.60981154e-01 1.67530819e-02 2.51246452e-01 4.56511680e-01
 8.63399788e-01 9.98580894e-01 2.24226033e-02 6.23478846e-03
 1.38385519e-01 8.28605383e-02 1.11099094e-02 1.78244373e-01
 9.99125466e-01 7.48493763e-01 7.36291880e-01 3.19502599e-04
 1.59654451e-03 5.02139672e-04 5.34523967e-01 4.06243666e-03
 1.55338296e-02 9.84452061e-01 6.45222074e-01 4.01657548e-03
 8.89217298e-01 2.05019305e-01 1.35929588e-01 8.35321376e-01
 6.53624448e-01 4.00039925e-01 4.32930404e-01 7.60208179e-01
 2.99138090e-01 7.15109006e-01 1.61692182e-02 2.08809801e-02
 5.28766137e-01 9.16486302e-01 7.23275028e-02 9.77372267e-01
 9.93635266e-01 9.66146741e-01 9.99994637e-01 9.55449495e-01
 9.90491051e-01 2.86424828e-03 8.02727842e-01 5.17326952e-02
 1.32902028e-01 1.06659528e-03 2.17983887e-02 1.16342710e-02
 7.62720422e-01 7.05637890e-02 9.73024477e-01 1.39252307e-02
 6.02823161e-01 9.97708759e-01 9.77190745e-01 9.99665590e-01
 4.68181352e-01 9.77322861e-01 8.08014425e-01 1.43697190e-01
 8.36458721e-01 5.87106589e-01 9.99676034e-01 9.68089008e-01
 5.08781855e-01 9.89348830e-01 1.66001574e-01 8.43327791e-01
 2.82796425e-02 1.53161969e-02 8.06434958e-01 6.99072090e-01
 9.99950951e-01 9.99077619e-01 9.72364566e-01 2.15907399e-04
 8.63705355e-04 9.99082413e-01 9.24022173e-03 9.99965558e-01
 3.21476828e-01 3.61451514e-04 2.72830105e-04 8.99009864e-01
 8.51757030e-01 6.61171152e-01 9.93557195e-01 7.20120905e-03
 2.87745667e-04 8.15684248e-03 9.19434040e-01 9.81282170e-01
 9.32019974e-05 5.89699433e-01 7.51196893e-01 8.25439961e-01
 1.49825659e-01 7.74365622e-02 6.55023175e-01 5.10040329e-02
 1.06041822e-01 2.40130130e-01 9.92563252e-01 9.94975790e-01
 1.40753274e-01 3.73344345e-01 9.98221084e-01 7.66749932e-02
 2.87930762e-02 4.52708675e-01 9.62817979e-01 1.43793461e-01
 9.99787925e-01 7.75761970e-01 1.16372428e-02 9.09883938e-02
 8.18827929e-01 9.95683253e-01 9.80241490e-01 2.22737137e-01
 9.33401615e-02 9.99961011e-01 9.82594774e-01 4.74279415e-01
 3.75918838e-04 8.81905529e-01 9.70713642e-01 5.59487722e-02
 9.13994831e-02 9.95625649e-01 9.80857180e-01 2.63228898e-01
 6.82404739e-01 4.54094031e-01 9.99243463e-01 2.66697086e-01
 7.91374567e-01 4.28104692e-03 9.98842007e-01 9.99154596e-01
 1.89016788e-02 9.98735094e-01 9.66639390e-01 4.77839574e-01
 9.98480603e-01 9.09693116e-01 1.52981705e-01 2.70727465e-01
 8.49929259e-01 4.91056029e-02 3.94233313e-01 9.99781577e-01
 9.85787131e-01 9.37529361e-01 9.50702291e-01 8.77367196e-01
 2.47695547e-01 1.71480757e-06 8.48131760e-01 4.43956925e-02
 1.32142461e-01 1.52752420e-03 4.09026213e-03 4.70043115e-01
 8.13405016e-01 9.99390631e-01 9.99927081e-01 2.63943907e-03
 9.54875904e-01 4.21276975e-02 2.41865003e-06 9.95397981e-01
 1.41488680e-02 8.28138068e-02 9.53388585e-01 8.35411917e-01
 9.99740359e-01 5.05535222e-02 4.53350835e-01 9.55288734e-01
 2.82693194e-02 2.61835394e-01 6.24203957e-01 9.86670315e-04
 9.87655559e-05 3.22691591e-01 1.87485830e-02 3.78120739e-03
 7.10069015e-01 8.32723885e-01 3.06873688e-03 9.39268865e-01
 8.15140715e-01 9.61879632e-01 9.71320253e-01 9.95712148e-02
 9.99118932e-01 9.35074326e-01 9.98790648e-01 1.36231681e-01
 5.29188467e-01 9.99966330e-01 1.55617869e-01 6.78905929e-01
 7.14548168e-03 2.72253061e-03 1.44078402e-04 9.82336566e-01
 5.22124008e-01 2.85388835e-02 9.48736396e-01 1.09615051e-02
 9.22611734e-01 6.23268443e-01 9.99689380e-01 1.16146913e-02
 1.07568454e-01 7.94332468e-01 3.94390076e-03 2.35594714e-01]action_after_sigmoid:[5.66056705e-01 4.45542089e-02 3.67111665e-01 6.85767241e-01
 7.73533837e-01 9.98028494e-01 1.11674687e-02 5.03382988e-03
 5.36592111e-02 5.28360284e-02 3.49006849e-02 2.15291630e-01
 9.99568424e-01 8.53211834e-01 6.81356699e-01 4.93325116e-04
 7.92258612e-04 6.84251279e-04 3.71655761e-01 2.13659136e-03
 4.11419406e-02 9.84853624e-01 6.70395652e-01 9.11600461e-04
 9.62825252e-01 1.31878984e-01 1.30979430e-01 8.98414496e-01
 5.68760446e-01 3.93930380e-01 6.28379001e-01 5.84425554e-01
 1.43604116e-01 6.90262532e-01 1.12642097e-02 1.41514756e-02
 7.11889384e-01 9.28576880e-01 2.85037065e-02 9.93747406e-01
 9.94630717e-01 9.26389291e-01 9.99996821e-01 9.62689989e-01
 9.93040533e-01 2.27489536e-03 7.85979325e-01 7.93485311e-02
 2.51582836e-01 3.59149781e-03 2.42413235e-02 1.14039504e-02
 8.45939484e-01 6.44707339e-02 9.73303694e-01 1.86685551e-02
 4.28820979e-01 9.96918857e-01 9.11855134e-01 9.99364986e-01
 3.03595529e-01 9.78780535e-01 6.26062337e-01 1.05409482e-01
 8.71435053e-01 3.23401948e-01 9.99581890e-01 9.49902842e-01
 4.91265818e-01 9.91336394e-01 1.71491902e-01 9.20320760e-01
 3.33557831e-02 2.79874587e-02 7.58719892e-01 8.94330075e-01
 9.99977796e-01 9.96947145e-01 9.91010630e-01 2.99315980e-04
 6.56282155e-04 9.99043192e-01 9.91209249e-03 9.99948201e-01
 1.90100498e-01 4.97569580e-04 7.25182227e-04 8.43485261e-01
 8.27796860e-01 5.85618120e-01 9.91553439e-01 5.39596215e-03
 2.51093415e-04 6.79034047e-03 9.27782258e-01 9.85089077e-01
 7.13052992e-05 5.03645612e-01 7.39277383e-01 8.29106333e-01
 1.87743973e-01 9.05892496e-02 5.34625076e-01 4.76360122e-02
 1.12658575e-01 2.52613402e-01 9.92454294e-01 9.98104815e-01
 1.64306039e-01 4.67773479e-01 9.97313242e-01 5.01991832e-02
 1.11413131e-02 2.45208062e-01 9.65894193e-01 1.39896001e-01
 9.99916376e-01 8.25290994e-01 2.84387666e-02 2.58663281e-01
 8.86864890e-01 9.91955964e-01 9.68253240e-01 1.62086290e-01
 4.63643766e-02 9.99908872e-01 9.83389766e-01 5.49426872e-01
 2.24440767e-04 8.12431539e-01 9.31828322e-01 4.82844447e-02
 5.76042605e-02 9.94970778e-01 9.82870529e-01 3.19304177e-01
 7.59827564e-01 5.90598914e-01 9.99807569e-01 2.12533274e-01
 5.02443575e-01 7.02628865e-03 9.97298112e-01 9.98653142e-01
 1.70360605e-02 9.97597556e-01 9.75065781e-01 2.99765058e-01
 9.99199559e-01 9.51125700e-01 1.87481288e-01 1.73514390e-01
 9.17496187e-01 1.00382940e-01 2.08024605e-01 9.99785077e-01
 9.92595812e-01 9.24748244e-01 9.08970268e-01 6.98438500e-01
 2.97956468e-01 3.51049292e-06 8.94635294e-01 2.20072868e-02
 1.68386217e-01 1.42967116e-03 2.14034282e-03 5.42036038e-01
 9.20679631e-01 9.99337262e-01 9.99953768e-01 2.37793024e-03
 9.64997690e-01 4.93040197e-02 4.92038282e-06 9.95040975e-01
 1.56113002e-02 7.77620971e-02 9.52360287e-01 8.86497122e-01
 9.99916889e-01 3.65951123e-02 3.30609067e-01 9.60128790e-01
 2.66885080e-02 5.24809447e-01 8.01032042e-01 6.09243123e-04
 7.27855891e-05 1.85980598e-01 1.38633413e-02 3.55333125e-03
 5.91996405e-01 9.01074068e-01 8.65448600e-03 9.70275346e-01
 8.76713566e-01 9.60705792e-01 9.49929953e-01 1.24395750e-01
 9.98434521e-01 9.17490956e-01 9.97756357e-01 5.96009013e-02
 5.87283168e-01 9.99843830e-01 3.33235637e-01 8.09562500e-01
 4.08580515e-03 1.12538494e-03 6.06152537e-04 9.78243130e-01
 7.66071151e-01 3.37078074e-02 9.72276235e-01 1.59411974e-02
 9.47168299e-01 6.54911437e-01 9.99745408e-01 9.36826334e-03
 1.41647921e-01 8.96706885e-01 2.88232221e-03 2.28547453e-01]action_after_sigmoid:[4.95909838e-01 3.19329202e-02 3.37772796e-01 7.93789962e-01
 6.50636456e-01 9.98109390e-01 1.42188557e-02 2.84916833e-03
 2.81155420e-02 6.79969102e-02 4.77967631e-02 3.03331618e-01
 9.99485091e-01 8.88866449e-01 7.18809913e-01 3.83566678e-04
 7.88508186e-04 3.87199026e-04 3.56282362e-01 2.45805874e-03
 2.80308375e-02 9.88371605e-01 8.48583627e-01 1.19891109e-03
 9.79101306e-01 8.79771808e-02 1.05235744e-01 8.96134857e-01
 6.97151828e-01 4.63668784e-01 5.06716145e-01 4.63754194e-01
 2.08492060e-01 6.95976942e-01 1.44634907e-02 1.21593112e-02
 7.69271236e-01 9.55433651e-01 2.05312511e-02 9.93287225e-01
 9.94468032e-01 9.46675825e-01 9.99997324e-01 9.71453178e-01
 9.91946058e-01 1.79502608e-03 8.84734529e-01 1.56669483e-01
 2.35600219e-01 3.18316126e-03 1.81886733e-02 8.79253922e-03
 7.98942973e-01 6.83356385e-02 9.68257972e-01 3.42255954e-02
 4.26820867e-01 9.97270072e-01 8.24180436e-01 9.99700110e-01
 2.75174601e-01 9.62371201e-01 3.62100120e-01 9.88488735e-02
 9.00698056e-01 2.78399485e-01 9.99493149e-01 9.69580497e-01
 6.39712653e-01 9.87715662e-01 1.97491447e-01 9.20765182e-01
 3.45283571e-02 2.08595393e-02 7.42089705e-01 8.24733973e-01
 9.99975003e-01 9.96874926e-01 9.84682444e-01 1.81311736e-04
 1.12435887e-03 9.98013841e-01 6.65880513e-03 9.99955345e-01
 2.74826018e-01 6.78512530e-04 1.20775796e-03 8.87641458e-01
 8.05508915e-01 5.30082497e-01 9.87452787e-01 6.27493455e-03
 5.88412455e-04 1.47824141e-02 8.99938658e-01 9.92762167e-01
 4.42187446e-05 5.35232177e-01 7.48904690e-01 8.58463426e-01
 3.77141877e-01 1.58259964e-01 6.08896754e-01 2.42875204e-02
 7.45404543e-02 2.42179550e-01 9.91862604e-01 9.97988079e-01
 1.85430482e-01 6.85920351e-01 9.96748753e-01 4.80017872e-02
 2.68839088e-02 2.16355708e-01 9.55667836e-01 2.16424712e-01
 9.99881147e-01 8.93254631e-01 1.80592245e-02 1.38221316e-01
 8.88845881e-01 9.93979966e-01 9.32401180e-01 1.65645419e-01
 2.56192169e-02 9.99800792e-01 9.79004825e-01 5.12614158e-01
 9.20329320e-05 7.80299444e-01 8.76338432e-01 6.76009252e-02
 4.25377380e-02 9.92514656e-01 9.63862224e-01 5.88727913e-01
 8.29867833e-01 7.43044703e-01 9.99788765e-01 2.33782344e-01
 4.93667560e-01 1.32129019e-02 9.97813417e-01 9.99451835e-01
 1.80142354e-02 9.96571308e-01 9.76059420e-01 1.95059574e-01
 9.99187561e-01 9.71271421e-01 2.12504093e-01 3.04185673e-01
 8.82374352e-01 9.86677293e-02 3.71079617e-01 9.99847109e-01
 9.91188850e-01 9.43192143e-01 8.99698093e-01 7.04383983e-01
 4.00745711e-01 3.93630226e-06 9.30674233e-01 3.31101729e-02
 1.25679637e-01 2.37531757e-03 4.13807721e-04 5.90508988e-01
 8.31007951e-01 9.98865558e-01 9.99898934e-01 2.80440787e-03
 9.74954053e-01 4.57567358e-02 3.76829907e-06 9.90897961e-01
 1.23497840e-02 1.10313600e-01 9.52696542e-01 7.95210729e-01
 9.99816557e-01 3.30403121e-02 5.10206709e-01 9.77106770e-01
 1.46661420e-02 3.62354870e-01 8.48786520e-01 9.62561052e-04
 5.17160434e-05 4.20618816e-01 8.05920049e-03 6.00315785e-03
 5.73189697e-01 8.52723656e-01 1.07879406e-02 9.85359629e-01
 9.38364411e-01 9.59258593e-01 9.26624934e-01 1.28697586e-01
 9.99675644e-01 9.17516094e-01 9.98827859e-01 5.87352838e-02
 5.57641533e-01 9.99832089e-01 3.64067889e-01 8.43943704e-01
 1.71037479e-03 9.96610587e-04 7.46137065e-04 9.86051452e-01
 8.68555733e-01 4.60135859e-02 9.69375307e-01 1.07100446e-02
 9.65206114e-01 6.67214618e-01 9.99791766e-01 8.45366143e-03
 1.04553725e-01 7.42425516e-01 3.15604164e-03 3.09214370e-01]action_after_sigmoid:[4.52944976e-01 3.89417061e-02 5.37926798e-01 8.03661010e-01
 7.16663922e-01 9.98821031e-01 1.87947173e-02 5.15226850e-03
 1.62224859e-02 1.09489007e-01 4.18622292e-02 2.15332891e-01
 9.99629808e-01 8.80368387e-01 7.38343443e-01 1.92128186e-04
 6.44460269e-04 3.85442144e-04 4.82637305e-01 5.05718307e-03
 4.95028172e-02 9.88409415e-01 7.51664992e-01 8.81521261e-04
 9.85378155e-01 9.05428403e-02 1.02043019e-01 8.54325175e-01
 6.31873009e-01 4.36845531e-01 5.25995942e-01 4.25562025e-01
 2.93106897e-01 4.74966311e-01 1.90418619e-02 2.64746752e-02
 7.49006514e-01 9.63115223e-01 2.09802276e-02 9.92044639e-01
 9.95663333e-01 9.25479453e-01 9.99998115e-01 9.84363627e-01
 9.88493695e-01 1.01070132e-03 8.39561393e-01 2.14564804e-01
 3.93910772e-01 2.99150578e-03 1.52382990e-02 1.18225371e-02
 7.33019012e-01 4.43979783e-02 9.62199808e-01 4.29472005e-02
 4.19258483e-01 9.97033467e-01 8.69607659e-01 9.99683416e-01
 4.34933022e-01 9.84036752e-01 3.27588557e-01 6.93169860e-02
 8.92698991e-01 3.57764699e-01 9.99582771e-01 9.66297163e-01
 5.44774854e-01 9.90149292e-01 3.30015738e-01 9.07990688e-01
 1.12144402e-02 2.41797803e-02 7.37882826e-01 7.49485163e-01
 9.99959524e-01 9.97381534e-01 9.88074145e-01 1.01930417e-04
 1.67328618e-03 9.97470406e-01 4.71638334e-03 9.99956731e-01
 3.19765358e-01 8.05948514e-04 1.85778384e-03 7.96999668e-01
 7.87636931e-01 4.28153733e-01 9.90253454e-01 5.25451012e-03
 5.52822336e-04 3.21552890e-02 8.57902021e-01 9.87819754e-01
 1.06630401e-04 4.17696001e-01 7.25851980e-01 8.47226826e-01
 3.33646937e-01 7.98213714e-02 7.78729833e-01 2.42489185e-02
 5.49693976e-02 3.44944442e-01 9.89589191e-01 9.93308848e-01
 8.93265530e-02 7.74568390e-01 9.98355410e-01 7.98659720e-02
 1.31663974e-02 1.72621854e-01 9.65146678e-01 2.38462023e-01
 9.99883837e-01 8.53982155e-01 2.37314539e-02 1.38024974e-01
 9.10836427e-01 9.95552898e-01 9.46593900e-01 1.59251395e-01
 1.98062606e-02 9.99862774e-01 9.67264497e-01 6.05132381e-01
 9.21555305e-05 8.14856839e-01 9.01086669e-01 5.83376515e-02
 4.22515779e-02 9.88473840e-01 9.72648684e-01 6.86068871e-01
 8.27060558e-01 7.55512594e-01 9.99601158e-01 1.27752721e-01
 6.37125784e-01 6.42467729e-03 9.98796193e-01 9.99808887e-01
 2.42420678e-02 9.97854032e-01 9.67183117e-01 1.66493583e-01
 9.99372204e-01 9.79184296e-01 2.25392233e-01 2.95116167e-01
 9.07909208e-01 9.51798465e-02 4.72381536e-01 9.99778316e-01
 9.91314129e-01 8.87190725e-01 7.30046907e-01 6.38441840e-01
 3.65666428e-01 1.66373412e-05 8.34941802e-01 4.25468858e-02
 1.27860745e-01 2.08598328e-03 5.86008056e-04 6.32260487e-01
 8.33023978e-01 9.98870918e-01 9.99931911e-01 5.73816036e-03
 9.65040940e-01 3.40223575e-02 5.80932313e-06 9.87137464e-01
 1.97573755e-02 8.31931806e-02 9.65671318e-01 7.36950026e-01
 9.99686249e-01 2.59410308e-02 6.24469773e-01 9.54116414e-01
 9.75479280e-03 3.53315972e-01 7.92760227e-01 1.08114707e-03
 3.18141102e-05 3.41802742e-01 5.40101836e-03 1.22954218e-02
 7.07912492e-01 8.46766273e-01 1.11919277e-02 9.73867510e-01
 9.17664417e-01 9.47125737e-01 8.84725361e-01 1.27238248e-01
 9.99402675e-01 8.42222404e-01 9.99642293e-01 5.77709235e-02
 5.75127471e-01 9.99686796e-01 3.85513217e-01 7.70978424e-01
 1.00090487e-03 1.52283339e-03 4.51279000e-04 9.80795610e-01
 8.88077288e-01 5.13191868e-02 9.35839874e-01 9.17770181e-03
 9.12006342e-01 6.61518296e-01 9.99669606e-01 1.31369144e-02
 1.67954747e-01 8.05419500e-01 1.65209204e-03 3.05116026e-01]